1000,74104,1,0
1000,74088,2,0
1000,74084,3,0
1000,74082,4,0
1000,74069,5,0
1000,74066,6,0
1000,74064,7,0
1000,74134,8,0
1000,74062,9,0
1000,74696,10,0
1000,74060,11,0
1000,74057,12,0
1000,74052,13,0
1000,74018,14,0
1000,74325,15,1
1100,74104,1,0
1100,74640,2,0
1100,74641,3,0
1100,74642,4,0
1100,74635,5,0
1100,74127,6,0
1100,74079,7,0
1100,74077,8,0
1100,74115,9,0
1100,74075,10,0
1100,74643,11,0
1100,74644,12,0
1100,74645,13,0
1100,74646,14,0
1100,74613,15,0
1100,74647,16,0
1100,74627,17,0
1100,74648,18,0
1100,74080,19,0
1100,74291,20,1
1200,74104,1,0
1200,74088,2,0
1200,74084,3,0
1200,74082,4,0
1200,74072,5,0
1200,74687,6,0
1200,74074,7,0
1200,74688,8,0
1200,74689,9,0
1200,74690,10,0
1200,74691,11,0
1200,74692,12,0
1200,74693,13,0
1200,74694,14,0
1200,74695,15,0
1200,74141,16,0
1200,74450,17,0
1200,74102,18,0
1200,74143,19,0
1200,74145,20,0
1200,74021,21,0
1200,74023,22,0
1200,74024,23,0
1200,74027,24,0
1200,74009,25,0
1200,74029,26,0
1200,74031,27,0
1200,74071,28,0
1200,74083,29,0
1200,74085,30,0
1200,74089,31,1
1300,74104,1,0
1300,74017,2,0
1300,74053,3,0
1300,74055,4,0
1300,74058,5,0
1300,74034,6,0
1300,74136,7,0
1300,74132,8,0
1300,74126,9,0
1300,74037,10,0
1300,74128,11,0
1300,74044,12,0
1300,74045,13,0
1300,74047,14,0
1300,74655,15,0
1300,74656,16,0
1300,74657,17,0
1300,74658,18,0
1300,74659,19,0
1300,74105,20,0
1300,74049,21,0
1300,74051,22,0
1300,74018,23,1
1400,74104,1,0
1400,74017,2,0
1400,74053,3,0
1400,74055,4,0
1400,74041,5,0
1400,74038,6,0
1400,74625,7,0
1400,74113,8,0
1400,74111,9,0
1400,74109,10,0
1400,74108,11,0
1400,74258,12,0
1400,74264,13,0
1400,74260,14,0
1400,74262,15,0
1400,74255,16,0
1400,74458,17,0
1400,74462,18,0
1400,74463,19,0
1400,74256,20,0
1400,74261,21,0
1400,74265,22,0
1400,74257,23,0
1400,74093,24,0
1400,74042,25,0
1400,74067,26,0
1400,74096,27,0
1400,74100,28,0
1400,74137,29,0
1400,74101,30,0
1400,74125,31,0
1400,74122,32,0
1400,74120,33,0
1400,74139,34,0
1400,74099,35,0
1400,74033,36,0
1400,74036,37,0
1400,74059,38,0
1400,74057,39,0
1400,74052,40,0
1400,74018,41,1
1401,74104,1,0
1401,74017,2,0
1401,74053,3,0
1401,74055,4,0
1401,74058,5,0
1401,74034,6,0
1401,74032,7,0
1401,74098,8,0
1401,74138,9,0
1401,74118,10,0
1401,74123,11,0
1401,74124,12,0
1401,74453,13,0
1401,74092,14,0
1401,74097,15,0
1401,74087,16,0
1401,74068,17,0
1401,74091,18,0
1401,74094,19,0
1401,74258,20,0
1401,74264,21,0
1401,74260,22,0
1401,74262,23,0
1401,74255,24,0
1401,74458,25,0
1401,74462,26,0
1401,74463,27,0
1401,74256,28,0
1401,74261,29,0
1401,74265,30,0
1401,74257,31,0
1401,74110,32,0
1401,74112,33,0
1401,74114,34,0
1401,74620,35,0
1401,74472,36,0
1401,74128,37,0
1401,74054,38,0
1401,74052,39,0
1401,74018,40,1
1500,74104,1,0
1500,74017,2,0
1500,74053,3,0
1500,74055,4,0
1500,74041,5,0
1500,74038,6,0
1500,74625,7,0
1500,74113,8,0
1500,74111,9,0
1500,74109,10,0
1500,74108,11,0
1500,74258,12,0
1500,74264,13,0
1500,74260,14,0
1500,74219,15,0
1500,74221,16,0
1500,74223,17,0
1500,74225,18,0
1500,74227,19,0
1500,74191,20,0
1500,74229,21,0
1500,74231,22,0
1500,74233,23,0
1500,74235,24,0
1500,74241,25,0
1500,74243,26,0
1500,74245,27,0
1500,74190,28,0
1500,74194,29,0
1500,74197,30,0
1500,74199,31,0
1500,74189,32,0
1500,74534,33,0
1500,74202,34,0
1500,74204,35,0
1500,74541,36,0
1500,74458,37,0
1500,74462,38,0
1500,74463,39,0
1500,74256,40,0
1500,74261,41,0
1500,74265,42,0
1500,74257,43,0
1500,74110,44,0
1500,74112,45,0
1500,74008,46,0
1500,74114,47,0
1500,74620,48,0
1500,74472,49,0
1500,74128,50,0
1500,74054,51,0
1500,74052,52,0
1500,74018,53,1
1501,74104,1,0
1501,74017,2,0
1501,74053,3,0
1501,74055,4,0
1501,74041,5,0
1501,74038,6,0
1501,74625,7,0
1501,74113,8,0
1501,74111,9,0
1501,74008,10,0
1501,74109,11,0
1501,74108,12,0
1501,74258,13,0
1501,74264,14,0
1501,74260,15,0
1501,74262,16,0
1501,74255,17,0
1501,74458,18,0
1501,74462,19,0
1501,74463,20,0
1501,74256,21,0
1501,74542,22,0
1501,74203,23,0
1501,74201,24,0
1501,74535,25,0
1501,74200,26,0
1501,74198,27,0
1501,74196,28,0
1501,74195,29,0
1501,74187,30,0
1501,74246,31,0
1501,74244,32,0
1501,74205,33,0
1501,74236,34,0
1501,74206,35,0
1501,74232,36,0
1501,74230,37,0
1501,74192,38,0
1501,74228,39,0
1501,74226,40,0
1501,74224,41,0
1501,74222,42,0
1501,74220,43,0
1501,74110,44,0
1501,74112,45,0
1501,74114,46,0
1501,74620,47,0
1501,74472,48,0
1501,74128,49,0
1501,74054,50,0
1501,74052,51,0
1501,74018,52,1
2000,74104,1,0
2000,74088,2,0
2000,74084,3,0
2000,74082,4,0
2000,74069,5,0
2000,74030,6,0
2000,74028,7,0
2000,74026,8,0
2000,74121,9,0
2000,74022,10,0
2000,74147,11,0
2000,74146,12,0
2000,74144,13,0
2000,74103,14,0
2000,74451,15,0
2000,74142,16,0
2000,74140,17,0
2000,74118,18,0
2000,74123,19,0
2000,74124,20,0
2000,74453,21,0
2000,74092,22,0
2000,74097,23,0
2000,74087,24,0
2000,74068,25,0
2000,74091,26,0
2000,74094,27,0
2000,74258,28,0
2000,74264,29,0
2000,74260,30,0
2000,74262,31,0
2000,74255,32,0
2000,74458,33,0
2000,74462,34,0
2000,74463,35,0
2000,74256,36,0
2000,74261,37,0
2000,74265,38,0
2000,74257,39,0
2000,74093,40,0
2000,74042,41,0
2000,74067,42,0
2000,74096,43,0
2000,74100,44,0
2000,74137,45,0
2000,74101,46,0
2000,74125,47,0
2000,74122,48,0
2000,74120,49,0
2000,74139,50,0
2000,74099,51,0
2000,74033,52,0
2000,74036,53,0
2000,74059,54,0
2000,74057,55,0
2000,74052,56,0
2000,74018,57,1
30000,74180,1,0
30000,74183,2,0
30000,74148,3,0
30000,74104,4,1
30001,74104,1,0
30001,74148,2,0
30001,74182,3,0
30001,74180,4,1
30100,74181,1,0
30100,74183,2,0
30100,74148,3,0
30100,74154,4,0
30100,74285,5,0
30100,74531,6,0
30100,74014,7,0
30100,74295,8,0
30100,74011,9,0
30100,74021,10,0
30100,74023,11,0
30100,74025,12,0
30100,74027,13,0
30100,74009,14,0
30100,74029,15,0
30100,74031,16,0
30100,74071,17,0
30100,74085,18,0
30100,74089,19,0
30100,74104,20,1
30101,74104,1,0
30101,74088,2,0
30101,74084,3,0
30101,74069,4,0
30101,74030,5,0
30101,74028,6,0
30101,74010,7,0
30101,74026,8,0
30101,74121,9,0
30101,74022,10,0
30101,74020,11,0
30101,74012,12,0
30101,74294,13,0
30101,74013,14,0
30101,74015,15,0
30101,74153,16,0
30101,74186,17,0
30101,74181,18,0
30101,74183,19,0
30101,74148,20,1
30200,74181,1,0
30200,74183,2,0
30200,74148,3,0
30200,74154,4,0
30200,74282,5,0
30200,74285,6,0
30200,74287,7,0
30200,74304,8,0
30200,74531,9,0
30200,74014,10,0
30200,74295,11,0
30200,74011,12,0
30200,74021,13,0
30200,74023,14,0
30200,74025,15,0
30200,74027,16,0
30200,74009,17,0
30200,74029,18,0
30200,74031,19,0
30200,74071,20,0
30200,74085,21,0
30200,74089,22,0
30200,74104,23,1
30201,74104,1,0
30201,74088,2,0
30201,74084,3,0
30201,74069,4,0
30201,74030,5,0
30201,74028,6,0
30201,74010,7,0
30201,74026,8,0
30201,74121,9,0
30201,74022,10,0
30201,74020,11,0
30201,74012,12,0
30201,74294,13,0
30201,74013,14,0
30201,74015,15,0
30201,74302,16,0
30201,74288,17,0
30201,74286,18,0
30201,74282,19,0
30201,74153,20,0
30201,74186,21,0
30201,74181,22,0
30201,74183,23,0
30201,74148,24,1
40000,74212,1,0
40000,74622,2,0
40000,74104,3,1
40001,74104,1,0
40001,74623,2,0
40001,74529,3,0
40001,16000,4,0
40001,74212,5,1
40100,74212,1,0
40100,16000,2,0
40100,74701,3,0
40100,74550,4,0
40100,74622,5,0
40100,74104,6,1
40101,74104,1,0
40101,74623,2,0
40101,74550,3,0
40101,74529,4,0
40101,74212,5,1
45000,74104,1,0
45000,74623,2,0
45000,74004,3,0
45000,74002,4,0
45000,74442,5,0
45000,74158,6,0
45000,74006,7,0
45000,74000,8,1
45001,74007,1,0
45001,74001,2,0
45001,74157,3,0
45001,74441,4,0
45001,74005,5,0
45001,74003,6,0
45001,74622,7,0
45001,74104,8,1
50000,74700,1,0
50000,74701,2,0
50000,74239,3,0
50000,74462,4,0
50000,74463,5,0
50000,74256,6,0
50000,74542,7,0
50000,74203,8,0
50000,74201,9,0
50000,74535,10,0
50000,74200,11,0
50000,74198,12,0
50000,74196,13,0
50000,74195,14,0
50000,74187,15,0
50000,74246,16,0
50000,74244,17,0
50000,74205,18,0
50000,74236,19,0
50000,74206,20,0
50000,74232,21,0
50000,74230,22,0
50000,74192,23,0
50000,74474,24,1
50001,74237,1,0
50001,74191,2,0
50001,74229,3,0
50001,74231,4,0
50001,74233,5,0
50001,74235,6,0
50001,74241,7,0
50001,74243,8,0
50001,74245,9,0
50001,74190,10,0
50001,74194,11,0
50001,74197,12,0
50001,74199,13,0
50001,74189,14,0
50001,74534,15,0
50001,74202,16,0
50001,74204,17,0
50001,74541,18,0
50001,74254,19,0
50001,74458,20,0
50001,74459,21,0
50001,74475,22,0
50001,74529,23,0
50001,74212,24,1
60000,74700,1,0
60000,74701,2,0
60000,74636,3,0
60000,74510,4,0
60000,74540,5,0
60000,74508,6,0
60000,74506,7,0
60000,74503,8,0
60000,74501,9,0
60000,74499,10,0
60000,74515,11,0
60000,74514,12,0
60000,74498,13,0
60000,74512,14,0
60000,74538,15,0
60000,74489,16,0
60000,74482,17,0
60000,74294,18,1
60001,74295,1,0
60001,74483,2,0
60001,74490,3,0
60001,74537,4,0
60001,74511,5,0
60001,74497,6,0
60001,74513,7,0
60001,74516,8,0
60001,74500,9,0
60001,74502,10,0
60001,74504,11,0
60001,74505,12,0
60001,74507,13,0
60001,74539,14,0
60001,74509,15,0
60001,74637,16,0
60001,74529,17,0
60001,74212,18,1
2000100,74561,1,0
2000100,74563,2,0
2000100,74565,3,0
2000100,74567,4,0
2000100,74569,5,0
2000100,74571,6,0
2000100,74295,7,1
2000101,74294,1,0
2000101,74572,2,0
2000101,74570,3,0
2000101,74568,4,0
2000101,74566,5,0
2000101,74564,6,0
2000101,74562,7,1
2000200,74480,1,0
2000200,74485,2,0
2000200,74492,3,0
2000200,74494,4,0
2000200,74488,5,0
2000200,74477,6,0
2000200,74294,7,1
2000201,74295,1,0
2000201,74482,2,0
2000201,74486,3,0
2000201,74493,4,0
2000201,74491,5,0
2000201,74484,6,0
2000201,74481,7,1
2000300,74527,1,0
2000300,74528,2,0
2000300,74517,3,0
2000300,74518,4,0
2000300,74520,5,0
2000300,74521,6,0
2000300,74522,7,0
2000300,74524,8,0
2000300,74487,9,0
2000300,74477,10,0
2000300,74294,11,0
2000300,74104,12,1
2000301,74104,1,0
2000301,74295,2,0
2000301,74482,3,0
2000301,74479,4,0
2000301,74525,5,0
2000301,74523,6,0
2000301,74526,7,0
2000301,74576,8,0
2000301,74519,9,0
2000301,74495,10,0
2000301,74496,11,1
2000400,74104,1,0
2000400,74295,2,0
2000400,74482,3,0
2000400,74588,4,0
2000400,74863,5,0
2000400,74581,6,0
2000400,74582,7,0
2000400,74583,8,0
2000400,74584,9,0
2000400,74585,10,0
2000400,74586,11,1
2000401,74581,1,0
2000401,74582,2,0
2000401,74583,3,0
2000401,74584,4,0
2000401,74585,5,0
2000401,74586,6,0
2000401,74587,7,0
2000401,74863,8,0
2000401,74478,9,0
2000401,74294,10,0
2000401,74104,11,1
2000500,74104,1,0
2000500,74295,2,0
2000500,74483,3,0
2000500,74490,4,0
2000500,74537,5,0
2000500,74511,6,0
2000500,74497,7,0
2000500,74513,8,0
2000500,74516,9,0
2000500,74500,10,0
2000500,74502,11,0
2000500,74504,12,0
2000500,74505,13,0
2000500,74507,14,0
2000500,74539,15,0
2000500,74509,16,1
2000501,74510,1,0
2000501,74540,2,0
2000501,74508,3,0
2000501,74506,4,0
2000501,74503,5,0
2000501,74501,6,0
2000501,74499,7,0
2000501,74515,8,0
2000501,74514,9,0
2000501,74498,10,0
2000501,74512,11,0
2000501,74538,12,0
2000501,74489,13,0
2000501,74482,14,0
2000501,74294,15,0
2000501,74104,16,1
2000600,74104,1,0
2000600,74280,2,0
2000600,74278,3,0
2000600,74273,4,0
2000600,74272,5,0
2000600,74276,6,0
2000600,74270,7,1
2000601,74270,1,0
2000601,74275,2,0
2000601,74271,3,0
2000601,74274,4,0
2000601,74279,5,0
2000601,74281,6,0
2000601,74104,7,1
2000700,74104,1,0
2000700,74676,2,0
2000700,74677,3,0
2000700,74678,4,0
2000700,74679,5,0
2000700,74680,6,0
2000700,74681,7,1
2000701,74670,1,0
2000701,74671,2,0
2000701,74672,3,0
2000701,74673,4,0
2000701,74674,5,0
2000701,74675,6,0
2000701,74104,7,1
2000800,74313,1,0
2000800,74321,2,0
2000800,74315,3,0
2000800,74531,4,0
2000800,74014,5,0
2000800,74295,6,0
2000800,74011,7,0
2000800,74021,8,0
2000800,74023,9,0
2000800,74025,10,0
2000800,74027,11,0
2000800,74009,12,0
2000800,74029,13,0
2000800,74031,14,0
2000800,74071,15,0
2000800,74085,16,0
2000800,74089,17,0
2000800,74104,18,1
2000801,74104,1,0
2000801,74088,2,0
2000801,74084,3,0
2000801,74069,4,0
2000801,74030,5,0
2000801,74028,6,0
2000801,74010,7,0
2000801,74026,8,0
2000801,74121,9,0
2000801,74022,10,0
2000801,74020,11,0
2000801,74012,12,0
2000801,74294,13,0
2000801,74013,14,0
2000801,74015,15,0
2000801,74314,16,0
2000801,74322,17,0
2000801,74312,18,1
2000900,74660,1,0
2000900,74662,2,0
2000900,74661,3,0
2000900,74588,4,0
2000900,74589,5,0
2000900,74663,6,0
2000900,74668,7,0
2000900,74664,8,0
2000900,74104,9,1
2000901,74104,1,0
2000901,74185,2,0
2000901,74595,3,0
2000901,74594,4,0
2000901,74593,5,0
2000901,74590,6,0
2000901,74591,7,0
2000901,74667,8,0
2000901,74666,9,1
