'CRC-H231-CRCGTFS-Semaine-02',40000,64700,4,'',0,7000,4,'',0,1000,4,'',0,2000,4,'',0,500,4,'',0,500,4,'',0,6800,4,'',0,2500,4,'',0,75500,4,'',0,2000,4,'',0,1000,4,'',0,2300,4,'',0,4500,4,'',0,500,4,'',0,1700,4,'',0,1000,4,'',0,2000,4,'',0,5000,4,'',0,1000,4,'',0,2000,4,'',0,6700,4,'',0
'CRC-H231-CRCGTFS-Semaine-02',40001,51500,,'',0,8500,,'',0,2000,,'',0,1000,,'',0,2000,,'',0,500,,'',0,4500,,'',0,2000,,'',0,1000,,'',0,2000,,'',0,5000,,'',0,2000,,'',0,1000,,'',0,7000,,'',0,64500,,'',0,6500,,'',0,3000,,'',0,1500,,'',0,5000,,'',0,1000,,'',0,3000,,'',0,9500,,'',0
'CRC-H231-CRCGTFS-Semaine-02',40100,63000,4,'',0,8500,4,'',0,3000,4,'',0,7500,4,'',0,2500,4,'',0,7300,4,'',0,8700,4,'',0,5000,4,'',0,9000,4,'',0,9000,4,'',0,9000,4,'',0,9000,4,'',0,9000,4,'',0,4500,4,'',0,7100,4,'',0,3000,4,'',0,7000,4,'',0,3000,4,'',0,8000,4,'',0,2500,4,'',0,7500,4,'',0,1900,4,'',0,9000,4,'',0,9000,4,'',0,9000,4,'',0,9000,4,'',0,9000,4,'',0,4500,4,'',0,8000,4,'',0
'CRC-H231-CRCGTFS-Semaine-02',40101,54000,,'',0,7000,,'',0,3000,,'',0,7000,,'',0,3000,,'',0,7000,,'',0,3000,,'',0,8000,,'',0,9000,,'',0,9000,,'',0,5000,,'',0,9000,,'',0,9000,,'',0,9000,,'',0,9000,,'',0,4500,,'',0,7500,,'',0,10000,,'',0,8000,,'',0,10500,,'',0,4000,,'',0,9000,,'',0,9000,,'',0,9000,,'',0,9000,,'',0,9000,,'',0
'CRC-H231-CRCGTFS-Week-end-01',40100,71500,4,'',0,10000,4,'',0,10500,4,'',0,10000,4,'',0,10500,4,'',0,10000,4,'',0,10500,4,'',0,10000,4,'',0,10500,4,'',0,10000,4,'',0,10500,4,'',0,10000,4,'',0,10500,4,'',0,10000,4,'',0,10500,4,'',0,10000,4,'',0,10500,4,'',0,10000,4,'',0,10000,4,'',0
'CRC-H231-CRCGTFS-Week-end-01',40101,60000,,'',0,10000,,'',0,10500,,'',0,10000,,'',0,10500,,'',0,10000,,'',0,10500,,'',0,10000,,'',0,10500,,'',0,10000,,'',0,10500,,'',0,10000,,'',0,10500,,'',0,10000,,'',0,10500,,'',0,10000,,'',0,10500,,'',0,10000,,'',0,10500,,'',0
'CRC-H231-GTFSCRC-Semaine-02',48100,54200,4,'',0,1500,4,'',0,5500,4,'',0,2000,4,'',0,1000,4,'',0,1000,4,'',0,5000,4,'',0,1000,4,'',0,1000,4,'',0,1000,4,'',0,1000,4,'',0,1000,4,'',0,5000,4,'',0,1000,4,'',0,2000,4,'',0,1000,4,'',0,1500,4,'',0,6700,4,'',0,3000,4,'',0,7000,4,'',0,3000,4,'',0,7000,4,'',0,3000,4,'',0,7000,4,'',0,3000,4,'',0,7000,4,'',0,3000,4,'',0,7000,4,'',0,3000,4,'',0,7000,4,'',0,2200,4,'',0,5500,4,'',0,1500,4,'',0,1000,4,'',0,1000,4,'',0,1000,4,'',0,1000,4,'',0,5000,4,'',0,1000,4,'',0,1000,4,'',0,1000,4,'',0,1000,4,'',0,1000,4,'',0,5000,4,'',0,1000,4,'',0,1000,4,'',0,1500,4,'',0,1500,4,'',0,5500,4,'',0,1900,4,'',0,2400,4,'',0,7000,4,'',0,3000,4,'',0,7000,4,'',0,3000,4,'',0,7000,4,'',0,3000,4,'',0,7000,4,'',0,3000,4,'',0,7000,4,'',0,3000,4,'',0,7000,4,'',0
'CRC-H231-GTFSCRC-Semaine-02',48101,50700,,'',0,1500,,'',0,1500,,'',0,1500,,'',0,5500,,'',0,1000,,'',0,1000,,'',0,1000,,'',0,1000,,'',0,1000,,'',0,5000,,'',0,1000,,'',0,1000,,'',0,1000,,'',0,1000,,'',0,1000,,'',0,5000,,'',0,1500,,'',0,1500,,'',0,1000,,'',0,6000,,'',0,3800,,'',0,7000,,'',0,3000,,'',0,7000,,'',0,3000,,'',0,7000,,'',0,3000,,'',0,7000,,'',0,3000,,'',0,7000,,'',0,3000,,'',0,7200,,'',0,1200,,'',0,2200,,'',0,5500,,'',0,1500,,'',0,1000,,'',0,1000,,'',0,1000,,'',0,5000,,'',0,1000,,'',0,1000,,'',0,1000,,'',0,2000,,'',0,5000,,'',0,2000,,'',0,3000,,'',0,6400,,'',0,3700,,'',0,6300,,'',0,3000,,'',0,7000,,'',0,3000,,'',0,7000,,'',0,3000,,'',0,7000,,'',0,3000,,'',0,7000,,'',0,3000,,'',0
'CRC-H231-GTFSCRC-Week-end-01',48100,63800,4,'',0,8000,4,'',0,4000,4,'',0,8000,4,'',0,8000,4,'',0,4000,4,'',0,8000,4,'',0,8000,4,'',0,4000,4,'',0,8000,4,'',0,8000,4,'',0,4000,4,'',0,8000,4,'',0,8000,4,'',0,8200,4,'',0,3800,4,'',0,8200,4,'',0,3800,4,'',0,8000,4,'',0,8000,4,'',0,4000,4,'',0,8000,4,'',0,8000,4,'',0,4000,4,'',0,8000,4,'',0,8000,4,'',0,4000,4,'',0,8000,4,'',0,8000,4,'',0
'CRC-H231-GTFSCRC-Week-end-01',48101,55000,,'',0,8000,,'',0,8000,,'',0,4000,,'',0,8000,,'',0,8000,,'',0,4000,,'',0,8000,,'',0,8000,,'',0,4000,,'',0,8000,,'',0,8000,,'',0,4000,,'',0,8000,,'',0,8000,,'',0,4000,,'',0,8000,,'',0,8000,,'',0,4000,,'',0,8000,,'',0,8000,,'',0,4000,,'',0,8000,,'',0,8000,,'',0,4000,,'',0,8000,,'',0,8000,,'',0,4000,,'',0,8000,,'',0
'CRC-H231-GTFSCRC-Semaine-02',48200,161100,,'',0,3000,,'',0,7000,,'',0,3000,,'',0,7000,,'',0,2200,,'',0
'CRC-H231-GTFSCRC-Semaine-02',48201,63200,,'',0,2000,,'',0,6000,,'',0,2000,,'',0,2000,,'',0,6000,,'',0,2000,,'',0,2000,,'',0
