1000,74119,1,0
1000,74088,2,0
1000,74084,3,0
1000,74082,4,0
1000,74069,5,0
1000,74066,6,0
1000,74064,7,0
1000,74134,8,0
1000,74062,9,0
1000,74696,10,0
1000,74060,11,0
1000,74057,12,0
1000,74052,13,0
1000,74018,14,0
1000,74325,15,0
1100,74129,1,0
1100,74640,2,0
1100,74641,3,0
1100,74642,4,0
1100,74635,5,0
1100,74127,6,0
1100,74079,7,0
1100,74077,8,0
1100,74115,9,0
1100,74075,10,0
1100,74688,11,0
1100,74645,12,0
1100,74646,13,0
1100,74613,14,0
1100,74647,15,0
1100,74627,16,0
1100,74648,17,0
1100,74080,18,0
1100,74291,19,0
1200,74119,1,0
1200,74088,2,0
1200,74084,3,0
1200,74082,4,0
1200,74072,5,0
1200,74687,6,0
1200,74074,7,0
1200,74688,8,0
1200,74689,9,0
1200,74690,10,0
1200,74691,11,0
1200,74692,12,0
1200,74693,13,0
1200,74694,14,0
1200,74695,15,0
1200,74141,16,0
1200,74450,17,0
1200,74102,18,0
1200,74143,19,0
1200,74145,20,0
1200,74021,21,0
1200,74023,22,0
1200,74024,23,0
1200,74027,24,0
1200,74009,25,0
1200,74029,26,0
1200,74031,27,0
1200,74071,28,0
1200,74083,29,0
1200,74085,30,0
1200,74089,31,0
1300,74117,1,0
1300,74017,2,0
1300,74053,3,0
1300,74055,4,0
1300,74058,5,0
1300,74034,6,0
1300,74136,7,0
1300,74132,8,0
1300,74126,9,0
1300,74037,10,0
1300,74128,11,0
1300,74044,12,0
1300,74045,13,0
1300,74047,14,0
1300,74655,15,0
1300,74656,16,0
1300,74657,17,0
1300,74658,18,0
1300,74659,19,0
1300,74105,20,0
1300,74049,21,0
1300,74051,22,0
1300,74018,23,0
1300,74325,24,0
1400,74116,1,0
1400,74017,2,0
1400,74053,3,0
1400,74055,4,0
1400,74041,5,0
1400,74038,6,0
1400,74625,7,0
1400,74113,8,0
1400,74111,9,0
1400,74109,10,0
1400,74108,11,0
1400,74258,12,0
1400,74264,13,0
1400,74260,14,0
1400,74262,15,0
1400,74255,16,0
1400,74458,17,0
1400,74462,18,0
1400,74463,19,0
1400,74256,20,0
1400,74261,21,0
1400,74265,22,0
1400,74257,23,0
1400,74093,24,0
1400,74042,25,0
1400,74067,26,0
1400,74096,27,0
1400,74100,28,0
1400,74137,29,0
1400,74101,30,0
1400,74125,31,0
1400,74122,32,0
1400,74120,33,0
1400,74139,34,0
1400,74099,35,0
1400,74033,36,0
1400,74036,37,0
1400,74059,38,0
1400,74057,39,0
1400,74052,40,0
1400,74018,41,0
1400,74325,42,0
1401,74116,1,0
1401,74017,2,0
1401,74053,3,0
1401,74055,4,0
1401,74058,5,0
1401,74034,6,0
1401,74032,7,0
1401,74098,8,0
1401,74138,9,0
1401,74118,10,0
1401,74123,11,0
1401,74124,12,0
1401,74453,13,0
1401,74092,14,0
1401,74097,15,0
1401,74087,16,0
1401,74068,17,0
1401,74091,18,0
1401,74094,19,0
1401,74258,20,0
1401,74264,21,0
1401,74260,22,0
1401,74262,23,0
1401,74255,24,0
1401,74458,25,0
1401,74462,26,0
1401,74463,27,0
1401,74256,28,0
1401,74261,29,0
1401,74265,30,0
1401,74257,31,0
1401,74110,32,0
1401,74112,33,0
1401,74114,34,0
1401,74620,35,0
1401,74472,36,0
1401,74128,37,0
1401,74054,38,0
1401,74052,39,0
1401,74018,40,0
1401,74325,41,0
1500,74116,1,0
1500,74017,2,0
1500,74053,3,0
1500,74055,4,0
1500,74041,5,0
1500,74038,6,0
1500,74625,7,0
1500,74113,8,0
1500,74111,9,0
1500,74109,10,0
1500,74108,11,0
1500,74258,12,0
1500,74264,13,0
1500,74260,14,0
1500,74219,15,0
1500,74221,16,0
1500,74223,17,0
1500,74225,18,0
1500,74227,19,0
1500,74191,20,0
1500,74229,21,0
1500,74231,22,0
1500,74233,23,0
1500,74235,24,0
1500,74241,25,0
1500,74243,26,0
1500,74245,27,0
1500,74190,28,0
1500,74194,29,0
1500,74197,30,0
1500,74199,31,0
1500,74189,32,0
1500,74534,33,0
1500,74202,34,0
1500,74204,35,0
1500,74541,36,0
1500,74458,37,0
1500,74462,38,0
1500,74463,39,0
1500,74256,40,0
1500,74261,41,0
1500,74265,42,0
1500,74257,43,0
1500,74110,44,0
1500,74112,45,0
1500,74008,46,0
1500,74114,47,0
1500,74620,48,0
1500,74472,49,0
1500,74128,50,0
1500,74054,51,0
1500,74052,52,0
1500,74018,53,0
1500,74325,54,0
1501,74116,1,0
1501,74017,2,0
1501,74053,3,0
1501,74055,4,0
1501,74041,5,0
1501,74038,6,0
1501,74625,7,0
1501,74113,8,0
1501,74111,9,0
1501,74008,10,0
1501,74109,11,0
1501,74108,12,0
1501,74258,13,0
1501,74264,14,0
1501,74260,15,0
1501,74262,16,0
1501,74255,17,0
1501,74458,18,0
1501,74462,19,0
1501,74463,20,0
1501,74256,21,0
1501,74542,22,0
1501,74203,23,0
1501,74201,24,0
1501,74535,25,0
1501,74200,26,0
1501,74198,27,0
1501,74196,28,0
1501,74195,29,0
1501,74187,30,0
1501,74246,31,0
1501,74244,32,0
1501,74205,33,0
1501,74236,34,0
1501,74206,35,0
1501,74232,36,0
1501,74230,37,0
1501,74192,38,0
1501,74228,39,0
1501,74226,40,0
1501,74224,41,0
1501,74222,42,0
1501,74220,43,0
1501,74261,44,0
1501,74265,45,0
1501,74257,46,0
1501,74110,47,0
1501,74112,48,0
1501,74114,49,0
1501,74620,50,0
1501,74472,51,0
1501,74128,52,0
1501,74054,53,0
1501,74052,54,0
1501,74018,55,0
1501,74325,56,0
2000,74129,1,0
2000,74088,2,0
2000,74084,3,0
2000,74082,4,0
2000,74069,5,0
2000,74030,6,0
2000,74028,7,0
2000,74026,8,0
2000,74022,9,0
2000,74147,10,0
2000,74146,11,0
2000,74144,12,0
2000,74103,13,0
2000,74451,14,0
2000,74142,15,0
2000,74140,16,0
2000,74118,17,0
2000,74123,18,0
2000,74124,19,0
2000,74453,20,0
2000,74092,21,0
2000,74097,22,0
2000,74087,23,0
2000,74068,24,0
2000,74091,25,0
2000,74094,26,0
2000,74258,27,0
2000,74264,28,0
2000,74260,29,0
2000,74262,30,0
2000,74255,31,0
2000,74458,32,0
2000,74462,33,0
2000,74463,34,0
2000,74256,35,0
2000,74261,36,0
2000,74265,37,0
2000,74257,38,0
2000,74093,39,0
2000,74042,40,0
2000,74067,41,0
2000,74096,42,0
2000,74100,43,0
2000,74137,44,0
2000,74101,45,0
2000,74125,46,0
2000,74122,47,0
2000,74120,48,0
2000,74139,49,0
2000,74099,50,0
2000,74033,51,0
2000,74036,52,0
2000,74059,53,0
2000,74057,54,0
2000,74052,55,0
2000,74018,56,0
10400,74129,1,0
10400,74088,2,0
10400,74084,3,0
10400,74082,4,0
10400,74069,5,0
10400,74030,6,0
10400,74028,7,0
10400,74010,8,0
10400,74026,9,0
10400,74022,10,0
10400,74020,11,0
10400,76870,12,0
10400,76869,13,0
10400,76682,14,0
10400,74588,15,0
10400,74589,16,0
10400,74663,17,0
10400,74668,18,0
10400,74664,19,0
10400,74140,20,0
10400,74099,21,0
10400,74033,22,0
10400,74136,23,0
10400,74132,24,0
10400,74126,25,0
10400,74037,26,0
10400,74128,27,0
10400,74044,28,0
10400,76649,29,0
10400,74045,30,0
10400,74047,31,0
10400,76861,32,0
10400,76862,33,0
10500,74119,1,0
10500,74017,2,0
10500,74053,3,0
10500,74055,4,0
10500,74058,5,0
10500,74034,6,0
10500,74032,7,0
10500,74098,8,0
10500,74138,9,0
10500,74118,10,0
10500,74123,11,0
10500,74124,12,0
10500,74453,13,0
10500,74097,14,0
10500,74087,15,0
10500,74068,16,0
10500,74091,17,0
10500,74094,18,0
10500,74258,19,0
10500,74264,20,0
10500,74260,21,0
10500,74254,22,0
10500,74458,23,0
10500,76683,24,0
10500,76602,25,0
10500,76622,26,0
10500,76691,27,0
10500,76639,28,0
10500,76663,29,0
10500,76698,30,0
10500,74221,31,0
10500,74223,32,0
10500,74194,33,0
10500,74187,34,0
10500,74246,35,0
10500,74244,36,0
10500,74205,37,0
10500,76673,38,0
10500,76674,39,0
10500,76617,40,0
10500,74232,41,0
10500,74230,42,0
10500,74192,43,0
10500,74228,44,0
10500,76684,45,0
10500,76634,46,0
10500,74199,47,0
10500,74189,48,0
10500,74534,49,0
10500,74202,50,0
10500,74204,51,0
10500,76685,52,0
10500,74541,53,0
10500,76699,54,0
10500,76659,55,0
10500,76609,56,0
10500,76657,57,0
10500,76616,58,0
10500,76658,59,0
10500,76692,60,0
10500,74463,61,0
10500,74256,62,0
10500,74261,63,0
10500,74265,64,0
10500,74257,65,0
10500,74093,66,0
10500,74042,67,0
10500,74067,68,0
10500,74096,69,0
10500,74100,70,0
10500,74101,71,0
10500,74125,72,0
10500,74122,73,0
10500,74120,74,0
10500,74139,75,0
10500,74099,76,0
10500,74033,77,0
10500,74036,78,0
10500,74059,79,0
10500,74057,80,0
10500,74052,81,0
10500,74018,82,0
10600,74116,1,0
10600,74088,2,0
10600,74084,3,0
10600,74082,4,0
10600,74069,5,0
10600,74030,6,0
10600,74028,7,0
10600,74693,8,0
10600,74694,9,0
10600,74141,10,0
10600,74140,11,0
10600,74099,12,0
10600,74033,13,0
10600,74136,14,0
10600,76865,15,0
10600,76866,16,0
10600,74132,17,0
10600,74126,18,0
10600,74037,19,0
10600,74128,20,0
10600,74044,21,0
10600,76649,22,0
10600,74045,23,0
10600,74047,24,0
10600,76861,25,0
10600,76862,26,0
10601,74116,1,0
10601,74017,2,0
10601,76863,3,0
10601,76664,4,0
10601,74105,5,0
10601,76665,6,0
10601,76648,7,0
10601,76654,8,0
10601,76653,9,0
10601,76652,10,0
10601,76651,11,0
10601,76867,12,0
10601,76666,13,0
10601,76864,14,0
10601,76667,15,0
10601,74032,16,0
10601,74098,17,0
10601,74138,18,0
10601,74185,19,0
10601,76601,20,0
10601,76690,21,0
10601,74031,22,0
10601,74071,23,0
10601,74083,24,0
10601,74085,25,0
10601,74089,26,0
10700,74117,1,0
10700,76623,2,0
10700,76860,3,0
10700,76624,4,0
10700,74635,5,0
10700,76619,6,0
10700,74600,7,0
10700,74601,8,0
10700,74602,9,0
10700,74603,10,0
10700,76625,11,0
10700,76606,12,0
10700,74690,13,0
10700,74691,14,0
10700,74692,15,0
10700,74031,16,0
10700,74071,17,0
10700,74083,18,0
10700,74085,19,0
10700,74089,20,0
10701,74117,1,0
10701,74084,2,0
10701,74082,3,0
10701,74069,4,0
10701,74030,5,0
10701,74028,6,0
10701,76628,7,0
10701,76627,8,0
10701,76605,9,0
10701,76626,10,0
10701,74649,11,0
10701,74650,12,0
10701,74665,13,0
10701,76670,14,0
10701,74647,15,0
10701,76620,16,0
10701,74627,17,0
10701,74648,18,0
10701,74080,19,0
10800,74131,1,0
10800,74017,2,0
10800,74053,3,0
10800,74055,4,0
10800,74058,5,0
10800,74034,6,0
10800,74032,7,0
10800,74098,8,0
10800,74258,9,0
10800,74264,10,0
10800,74260,11,0
10800,74280,12,0
10800,74278,13,0
10800,74273,14,0
10800,74289,15,0
10800,74297,16,0
10800,74272,17,0
10800,74276,18,0
10800,74270,19,1
10801,74270,1,0
10801,74275,2,0
10801,74271,3,0
10801,74296,4,0
10801,74290,5,0
10801,74274,6,0
10801,74279,7,0
10801,74281,8,0
10801,74261,9,1
10801,74265,10,1
10801,74257,11,1
10801,74033,12,1
10801,74036,13,1
10801,74059,14,1
10801,74057,15,1
10801,74052,16,1
10801,74018,17,1
10801,74131,18,1
10900,74313,1,0
10900,74321,2,0
10900,74315,3,0
10900,74531,4,1
10900,74014,5,1
10900,74295,6,1
10900,74011,7,1
10900,74021,8,1
10900,74023,9,1
10900,74027,10,1
10900,74009,11,1
10900,74029,12,1
10900,74031,13,1
10900,74071,14,1
10900,74083,15,1
10900,74085,16,1
10900,74089,17,1
10900,74131,18,1
10901,74131,1,0
10901,74088,2,0
10901,74084,3,0
10901,74082,4,0
10901,74069,5,0
10901,74030,6,0
10901,74028,7,0
10901,74010,8,0
10901,74026,9,0
10901,74022,10,0
10901,74020,11,0
10901,74012,12,0
10901,74294,13,0
10901,74013,14,0
10901,74015,15,0
10901,74314,16,1
10901,74322,17,1
10901,74312,18,1
30000,74180,1,0
30000,71014,2,0
30000,74148,3,0
30000,74104,4,1
30001,74104,1,0
30001,74148,2,1
30001,74182,3,1
30001,74180,4,1
30100,74148,1,0
30100,74154,2,0
30100,74531,3,0
30100,74014,4,0
30100,74295,5,0
30100,74011,6,0
30100,74021,7,0
30100,74023,8,0
30100,74027,9,0
30100,74009,10,0
30100,74029,11,0
30100,74031,12,0
30100,74071,13,0
30100,74083,14,0
30100,74085,15,0
30100,74089,16,0
30100,74104,17,1
30101,74104,1,0
30101,74088,2,0
30101,74084,3,0
30101,74082,4,0
30101,74069,5,0
30101,74030,6,0
30101,74028,7,0
30101,74026,8,0
30101,74022,9,0
30101,74020,10,0
30101,74012,11,0
30101,74294,12,0
30101,74013,13,0
30101,74015,14,0
30101,74153,15,1
30101,74186,16,1
30101,74181,17,1
30101,71014,18,0
30101,74148,19,1
30200,74148,1,0
30200,74154,2,0
30200,73024,3,0
30200,73026,4,0
30200,74285,5,0
30200,74287,6,0
30200,74304,7,0
30200,74531,8,0
30200,74014,9,0
30200,74295,10,0
30200,74011,11,0
30200,74021,12,0
30200,74023,13,0
30200,74027,14,0
30200,74009,15,0
30200,74029,16,0
30200,74031,17,0
30200,74071,18,0
30200,74083,19,0
30200,74085,20,0
30200,74089,21,0
30200,74104,22,1
30201,74104,1,0
30201,74088,2,0
30201,74084,3,0
30201,74082,4,0
30201,74069,5,0
30201,74030,6,0
30201,74028,7,0
30201,74026,8,0
30201,74022,9,0
30201,74020,10,0
30201,74012,11,0
30201,74294,12,0
30201,74013,13,0
30201,74015,14,0
30201,74302,15,1
30201,74288,16,1
30201,74286,17,1
30201,73024,18,1
30201,73026,19,1
30201,74153,20,1
30201,74186,21,1
30201,74181,22,1
30201,71014,23,0
30201,74148,24,1
38000,74561,1,0
38000,74559,2,0
38000,74563,3,0
38000,74567,4,0
38000,74565,5,0
38000,74169,6,0
38000,74167,7,0
38000,74697,8,0
38000,74615,9,0
38000,74611,10,0
38000,74569,11,0
38000,74014,12,0
38000,74295,13,1
38001,74294,1,0
38001,74013,2,0
38001,74608,3,0
38001,74561,4,0
38001,74559,5,0
38001,74563,6,0
38001,74567,7,0
38001,74565,8,0
38001,74169,9,0
38001,74167,10,0
38001,74697,11,0
38001,74615,12,0
38001,74611,13,0
38001,74569,14,1
38100,74480,1,0
38100,74485,2,0
38100,74492,3,0
38100,74494,4,0
38100,74488,5,0
38100,74294,6,1
38101,74295,1,0
38101,74486,2,0
38101,74493,3,0
38101,74491,4,0
38101,74484,5,0
38101,74481,6,1
38200,74295,1,0
38200,74479,2,0
38200,74525,3,0
38200,74523,4,0
38200,74526,5,0
38200,74576,6,0
38200,74519,7,0
38200,74495,8,0
38200,74496,9,1
38201,74527,1,0
38201,74517,2,0
38201,74518,3,0
38201,74520,4,0
38201,74521,5,0
38201,74522,6,0
38201,74524,7,0
38201,74487,8,0
38201,74294,9,1
38300,74131,1,0
38300,74088,2,0
38300,74084,3,0
38300,74082,4,0
38300,74069,5,0
38300,74030,6,0
38300,74028,7,0
38300,74010,8,0
38300,74026,9,0
38300,74022,10,0
38300,74020,11,0
38300,74012,12,0
38300,74295,13,0
38300,74011,14,0
38300,76870,15,0
38300,76869,16,0
38300,76682,17,0
38300,74588,18,0
38300,74863,19,0
38300,74581,20,1
38301,74581,1,0
38301,74582,2,0
38301,74583,3,0
38301,74584,4,0
38301,74585,5,0
38301,74586,6,0
38301,74587,7,0
38301,74863,8,0
38301,76669,9,0
38301,76871,10,0
38301,74012,11,0
38301,74294,12,0
38301,74021,13,0
38301,74023,14,0
38301,74027,15,0
38301,74009,16,0
38301,74029,17,0
38301,74031,18,0
38301,74071,19,0
38301,74083,20,0
38301,74085,21,0
38301,74089,22,0
38301,74131,23,1
38400,74510,1,0
38400,74540,2,0
38400,74508,3,0
38400,74506,4,0
38400,74503,5,0
38400,74501,6,0
38400,74499,7,0
38400,74515,8,0
38400,74514,9,0
38400,74171,10,0
38400,74498,11,0
38400,74512,12,0
38400,74040,13,0
38400,74538,14,0
38400,74489,15,0
38400,74482,16,0
38400,74294,17,1
38401,74295,1,0
38401,74483,2,0
38401,74490,3,0
38401,74537,4,0
38401,74039,5,0
38401,74511,6,0
38401,74497,7,0
38401,74170,8,0
38401,74513,9,0
38401,74516,10,0
38401,74500,11,0
38401,74502,12,0
38401,74504,13,0
38401,74505,14,0
38401,74507,15,0
38401,74539,16,0
38401,74509,17,1
38500,74131,1,0
38500,74017,2,0
38500,74053,3,0
38500,74055,4,0
38500,74041,5,0
38500,74038,6,0
38500,74625,7,0
38500,74113,8,0
38500,74111,9,0
38500,74109,10,0
38500,76835,11,0
38500,76836,12,0
38500,76618,13,0
38500,76637,14,0
38500,76640,15,0
38500,76642,16,0
38500,76646,17,0
38500,76644,18,1
38501,76645,1,0
38501,76647,2,0
38501,76656,3,0
38501,76641,4,0
38501,76638,5,0
38501,74111,6,0
38501,74109,7,0
38501,76835,8,0
38501,76836,9,0
38501,76618,10,0
38501,74620,11,0
38501,74472,12,0
38501,74128,13,0
38501,74054,14,0
38501,74052,15,0
38501,74018,16,0
38501,74131,17,1
38600,76645,1,0
38600,76647,2,0
38600,76656,3,0
38600,76641,4,0
38600,76638,5,0
38600,76868,6,0
38600,74111,7,0
38600,74109,8,0
38600,74258,9,0
38600,74264,10,0
38600,74260,11,0
38600,74254,12,0
38600,74458,13,0
38600,76692,14,1
38601,76692,1,0
38601,74463,2,0
38601,74256,3,0
38601,74261,4,0
38601,74265,5,0
38601,74257,6,0
38601,74110,7,0
38601,76618,8,0
38601,74114,9,0
38601,76637,10,0
38601,76640,11,0
38601,76642,12,0
38601,76645,13,1
40000,74212,1,0
40000,74622,2,0
40000,74130,3,1
40001,74130,1,0
40001,74623,2,0
40001,74529,3,1
40001,74212,4,1
40100,74212,1,0
40100,74701,2,0
40100,75660,3,0
40100,74622,4,0
40100,74130,5,1
40101,74130,1,0
40101,74623,2,0
40101,75660,3,1
40101,74529,4,1
40101,74212,5,1
45000,74104,1,0
45000,74623,2,0
45000,74004,3,1
45000,74002,4,1
45000,74442,5,1
45000,74158,6,1
45000,74006,7,1
45000,74000,8,1
45001,74007,1,0
45001,74001,2,0
45001,74157,3,0
45001,74441,4,0
45001,74005,5,0
45001,74003,6,0
45001,74622,7,0
45001,74104,8,1
48100,75873,1,0
48100,74622,2,0
48100,74130,3,1
48101,74130,1,0
48101,74623,2,0
48101,75873,3,1
48200,75873,1,0
48200,74622,2,0
48200,74130,3,0
48200,74017,4,0
48200,74053,5,0
48200,74055,6,0
48200,74041,7,0
48200,74038,8,0
48200,74625,9,0
48200,74113,10,1
48201,74620,1,0
48201,74472,2,0
48201,74128,3,0
48201,74054,4,0
48201,74052,5,0
48201,74018,6,0
48201,74130,7,0
48201,74623,8,0
48201,75873,9,1
48300,75870,1,0
48300,74636,2,0
48300,74510,3,0
48300,74540,4,0
48300,74508,5,0
48300,74506,6,0
48300,74503,7,0
48300,74501,8,0
48300,74499,9,0
48300,74515,10,0
48300,74514,11,0
48300,74171,12,0
48300,74498,13,0
48300,74512,14,0
48300,74040,15,0
48300,74538,16,0
48300,74489,17,0
48300,74482,18,0
48300,74294,19,1
48301,74295,1,0
48301,74483,2,0
48301,74490,3,0
48301,74537,4,0
48301,74039,5,0
48301,74511,6,0
48301,74497,7,0
48301,74170,8,0
48301,74513,9,0
48301,74516,10,0
48301,74500,11,0
48301,74502,12,0
48301,74504,13,0
48301,74505,14,0
48301,74507,15,0
48301,74539,16,0
48301,74509,17,0
48301,74637,18,1
48301,75870,19,1
48400,75870,1,0
48400,74531,2,0
48400,74608,3,0
48400,74561,4,0
48400,74559,5,0
48400,74563,6,0
48400,74567,7,0
48400,74565,8,0
48400,74169,9,0
48400,74167,10,0
48400,74697,11,0
48400,74615,12,0
48400,74611,13,0
48400,74569,14,0
48400,74014,15,0
48400,74295,16,0
48400,74011,17,0
48400,76870,18,0
48400,76869,19,0
48400,76682,20,0
48400,74588,21,0
48400,74581,22,1
48401,74581,1,0
48401,74587,2,0
48401,76669,3,0
48401,76871,4,0
48401,74012,5,0
48401,74294,6,0
48401,74013,7,0
48401,74608,8,0
48401,74561,9,0
48401,74559,10,0
48401,74563,11,0
48401,74567,12,0
48401,74565,13,0
48401,74169,14,0
48401,74167,15,0
48401,74697,16,0
48401,74615,17,0
48401,74611,18,0
48401,74569,19,0
48401,74015,20,0
48401,75870,21,1
48500,75875,1,0
48500,74640,2,0
48500,74641,3,0
48500,74642,4,0
48500,74635,5,0
48500,76619,6,0
48500,76604,7,0
48500,74604,8,0
48500,74605,9,0
48500,74606,10,0
48500,76629,11,0
48500,76603,12,0
48500,74066,13,0
48500,74064,14,0
48500,74062,15,0
48500,74060,16,0
48500,74034,17,0
48500,74032,18,0
48500,74098,19,0
48500,74138,20,0
48500,74118,21,0
48500,74123,22,0
48500,74124,23,0
48500,74453,24,0
48500,74097,25,0
48500,74087,26,0
48500,74068,27,1
48501,74067,1,0
48501,74096,2,0
48501,74100,3,0
48501,74101,4,0
48501,74125,5,0
48501,74122,6,0
48501,74120,7,0
48501,74139,8,0
48501,74099,9,0
48501,74033,10,0
48501,74036,11,0
48501,74059,12,0
48501,76662,13,0
48501,76661,14,0
48501,76660,15,0
48501,74072,16,0
48501,74074,17,0
48501,74688,18,0
48501,74645,19,0
48501,74646,20,0
48501,74613,21,0
48501,74647,22,0
48501,76620,23,0
48501,74627,24,0
48501,76621,25,0
48501,74623,26,0
48501,75875,27,1
48600,75870,1,0
48600,74237,2,0
48600,76611,3,0
48600,76612,4,0
48600,76613,5,0
48600,74239,6,0
48600,76692,7,0
48600,74463,8,0
48600,74256,9,0
48600,74542,10,0
48600,76636,11,0
48600,74203,12,0
48600,74201,13,0
48600,74535,14,0
48600,74200,15,0
48600,74198,16,0
48600,76635,17,0
48600,76633,18,0
48600,76632,19,0
48600,74191,20,0
48600,74229,21,0
48600,74231,22,0
48600,76631,23,0
48600,76676,24,0
48600,76675,25,0
48600,76630,26,0
48600,74243,27,0
48600,74245,28,0
48600,74190,29,0
48600,76830,30,0
48600,74224,31,0
48600,74222,32,1
48601,74221,1,0
48601,74223,2,0
48601,74194,3,0
48601,74187,4,0
48601,74246,5,0
48601,74244,6,0
48601,74205,7,0
48601,76673,8,0
48601,76674,9,0
48601,76617,10,0
48601,74232,11,0
48601,74230,12,0
48601,74192,13,0
48601,74228,14,0
48601,76684,15,0
48601,76634,16,0
48601,74199,17,0
48601,74189,18,0
48601,74534,19,0
48601,74202,20,0
48601,74204,21,0
48601,76685,22,0
48601,74541,23,0
48601,74254,24,0
48601,74458,25,0
48601,76683,26,0
48601,74475,27,0
48601,76610,28,0
48601,76608,29,0
48601,76607,30,0
48601,74237,31,0
48601,75870,32,1
48700,75874,1,0
48700,76646,2,0
48700,76644,3,0
48700,76643,4,0
48700,76641,5,0
48700,76638,6,0
48700,74620,7,1
48701,74113,1,0
48701,76637,2,0
48701,76640,3,0
48701,76642,4,0
48701,76645,5,0
48701,76647,6,0
48701,75874,7,1
48800,75874,1,0
48800,74622,2,0
48800,74088,3,0
48800,74084,4,0
48800,74082,5,0
48800,74069,6,0
48800,74030,7,0
48800,74028,8,0
48800,74010,9,0
48800,74026,10,0
48800,74022,11,0
48800,74020,12,0
48800,76870,13,0
48800,76869,14,0
48800,76682,15,0
48800,74588,16,0
48800,74589,17,0
48800,74663,18,0
48800,74668,19,0
48800,74664,20,0
48800,76601,21,0
48800,76690,22,1
48801,74028,1,0
48801,74010,2,0
48801,74026,3,0
48801,74022,4,0
48801,74020,5,0
48801,76870,6,0
48801,76869,7,0
48801,76682,8,0
48801,74588,9,0
48801,74589,10,0
48801,74663,11,0
48801,74668,12,0
48801,74664,13,0
48801,76601,14,0
48801,76690,15,0
48801,74031,16,0
48801,74071,17,0
48801,74083,18,0
48801,74085,19,0
48801,74089,20,0
48801,74623,21,0
48801,75874,22,1
50000,74700,1,0
50000,74701,2,0
50000,74239,3,0
50000,74462,4,0
50000,74463,5,0
50000,74256,6,0
50000,74542,7,0
50000,74203,8,0
50000,74201,9,0
50000,74535,10,0
50000,74200,11,0
50000,74198,12,0
50000,74196,13,0
50000,74195,14,0
50000,74187,15,0
50000,74246,16,0
50000,74244,17,0
50000,74205,18,0
50000,74236,19,0
50000,74206,20,0
50000,74232,21,0
50000,74230,22,0
50000,74192,23,0
50000,74474,24,1
50001,74237,1,0
50001,74191,2,0
50001,74229,3,0
50001,74231,4,0
50001,74233,5,0
50001,74235,6,0
50001,74241,7,0
50001,74243,8,0
50001,74245,9,0
50001,74190,10,0
50001,74194,11,0
50001,74197,12,0
50001,74199,13,0
50001,74189,14,0
50001,74534,15,0
50001,74202,16,0
50001,74204,17,0
50001,74541,18,0
50001,74254,19,0
50001,74458,20,0
50001,74459,21,0
50001,74475,22,0
50001,74529,23,1
50001,74212,24,1
60000,74700,1,0
60000,74701,2,0
60000,74636,3,0
60000,74510,4,0
60000,74540,5,0
60000,74508,6,0
60000,74506,7,0
60000,74503,8,0
60000,74501,9,0
60000,74499,10,0
60000,74515,11,0
60000,74514,12,0
60000,74171,13,0
60000,74498,14,0
60000,74512,15,0
60000,74040,16,0
60000,74538,17,0
60000,74489,18,0
60000,74482,19,0
60000,74294,20,1
60001,74295,1,0
60001,74483,2,0
60001,74490,3,0
60001,74537,4,0
60001,74039,5,0
60001,74511,6,0
60001,74497,7,0
60001,74170,8,0
60001,74513,9,0
60001,74516,10,0
60001,74500,11,0
60001,74502,12,0
60001,74504,13,0
60001,74505,14,0
60001,74507,15,0
60001,74539,16,0
60001,74509,17,0
60001,74637,18,1
60001,74529,19,1
60001,74212,20,1
68000,76066,1,0
68000,73033,2,0
68000,73035,3,0
68000,73031,4,0
68000,73029,5,0
68000,73025,6,0
68000,73023,7,0
68000,73027,8,0
68000,71331,9,0
68000,74285,10,0
68000,74287,11,0
68000,74304,12,0
68000,74531,13,0
68000,74014,14,0
68000,74295,15,0
68000,74011,16,0
68000,74021,17,0
68000,74023,18,0
68000,74027,19,0
68000,74009,20,0
68000,74029,21,0
68000,74031,22,0
68000,74071,23,0
68000,74083,24,0
68000,74085,25,0
68000,74089,26,0
68000,74104,27,1
68001,74104,1,0
68001,74084,2,0
68001,74082,3,0
68001,74069,4,0
68001,74030,5,0
68001,74028,6,0
68001,74010,7,0
68001,74026,8,0
68001,74022,9,0
68001,74020,10,0
68001,74012,11,0
68001,74294,12,0
68001,74013,13,0
68001,74015,14,0
68001,74302,15,1
68001,74288,16,1
68001,74286,17,1
68001,73024,18,1
68001,71331,19,1
68001,73028,20,1
68001,73030,21,1
68001,73032,22,1
68001,73034,23,1
68001,76066,24,1
68100,71051,1,0
68100,71014,2,0
68100,76066,3,0
68100,73033,4,0
68100,73035,5,0
68100,73031,6,0
68100,73029,7,0
68100,73025,8,0
68100,73023,9,0
68100,73027,10,0
68100,71331,11,0
68100,74285,12,0
68100,74287,13,0
68100,74304,14,0
68100,74531,15,0
68100,74014,16,0
68100,74295,17,0
68100,74011,18,0
68100,74021,19,0
68100,74023,20,0
68100,74027,21,0
68100,74009,22,0
68100,74029,23,0
68100,74031,24,0
68100,74071,25,0
68100,74083,26,0
68100,74085,27,0
68100,74089,28,0
68100,74104,29,0
68100,74017,30,0
68100,74053,31,0
68100,74055,32,0
68100,74041,33,0
68100,74038,34,0
68100,74625,35,0
68100,74113,36,0
68100,74111,37,0
68100,74008,38,1
68101,74008,1,0
68101,76618,2,0
68101,74114,3,0
68101,74620,4,0
68101,74472,5,0
68101,74128,6,0
68101,74054,7,0
68101,74052,8,0
68101,74018,9,0
68101,74104,10,0
68101,74084,11,0
68101,74082,12,0
68101,74069,13,0
68101,74030,14,0
68101,74028,15,0
68101,74010,16,0
68101,74026,17,0
68101,74022,18,0
68101,74020,19,0
68101,74012,20,0
68101,74294,21,0
68101,74013,22,0
68101,74015,23,0
68101,74302,24,1
68101,74288,25,1
68101,74286,26,1
68101,73024,27,1
68101,71331,28,1
68101,73028,29,1
68101,73030,30,1
68101,73032,31,1
68101,73034,32,1
68101,76066,33,1
68101,74182,34,1
68101,71051,35,1
68500,74000,1,0
68500,76677,2,0
68500,76614,3,0
68500,76839,4,0
68500,74157,5,0
68500,74441,6,0
68500,74005,7,0
68500,74003,8,0
68500,76841,9,0
68500,74622,10,0
68500,74104,11,0
68500,74084,12,0
68500,74082,13,0
68500,74069,14,0
68500,74030,15,0
68500,74028,16,0
68500,74010,17,0
68500,74026,18,0
68500,74022,19,0
68500,74020,20,0
68500,74012,21,0
68500,74294,22,1
68501,74295,1,0
68501,74011,2,0
68501,74021,3,0
68501,74023,4,0
68501,74027,5,0
68501,74009,6,0
68501,74029,7,0
68501,74031,8,0
68501,74071,9,0
68501,74083,10,0
68501,74085,11,0
68501,74089,12,0
68501,74104,13,0
68501,74623,14,0
68501,76840,15,1
68501,74004,16,1
68501,74002,17,1
68501,74442,18,1
68501,74158,19,1
68501,74006,20,1
68501,74000,21,1
68501,76677,22,1
68501,76614,23,1
2000000100,74561,1,0
2000000100,74559,2,0
2000000100,74563,3,0
2000000100,74567,4,0
2000000100,74565,5,0
2000000100,74169,6,0
2000000100,74167,7,0
2000000100,74697,8,0
2000000100,74615,9,0
2000000100,74611,10,0
2000000100,74569,11,0
2000000100,74571,12,0
2000000100,74295,13,1
2000000101,74294,1,0
2000000101,74572,2,0
2000000101,74570,3,0
2000000101,74612,4,0
2000000101,74614,5,0
2000000101,74698,6,0
2000000101,74616,7,0
2000000101,74168,8,0
2000000101,74566,9,0
2000000101,74568,10,0
2000000101,74564,11,0
2000000101,74560,12,0
2000000101,74562,13,1
2000000200,74480,1,0
2000000200,74485,2,0
2000000200,74492,3,0
2000000200,74494,4,0
2000000200,74488,5,0
2000000200,74477,6,0
2000000200,74294,7,1
2000000201,74295,1,0
2000000201,74482,2,0
2000000201,74486,3,0
2000000201,74493,4,0
2000000201,74491,5,0
2000000201,74484,6,0
2000000201,74481,7,1
2000000300,74527,1,0
2000000300,74528,2,0
2000000300,74517,3,0
2000000300,74518,4,0
2000000300,74520,5,0
2000000300,74521,6,0
2000000300,74522,7,0
2000000300,74524,8,0
2000000300,74487,9,0
2000000300,74477,10,0
2000000300,74294,11,0
2000000300,74131,12,1
2000000301,74131,1,0
2000000301,74295,2,0
2000000301,74482,3,0
2000000301,74479,4,0
2000000301,74525,5,0
2000000301,74523,6,0
2000000301,74526,7,0
2000000301,74576,8,0
2000000301,74519,9,0
2000000301,74495,10,0
2000000301,74496,11,1
2000000400,74131,1,0
2000000400,74295,2,0
2000000400,74482,3,0
2000000400,74588,4,0
2000000400,74863,5,0
2000000400,74581,6,0
2000000400,74582,7,0
2000000400,74583,8,0
2000000400,74584,9,0
2000000400,74585,10,0
2000000400,74586,11,1
2000000401,74581,1,0
2000000401,74582,2,0
2000000401,74583,3,0
2000000401,74584,4,0
2000000401,74585,5,0
2000000401,74586,6,0
2000000401,74587,7,0
2000000401,74863,8,0
2000000401,74478,9,0
2000000401,74294,10,0
2000000401,74131,11,1
2000000500,74131,1,0
2000000500,74295,2,0
2000000500,74483,3,0
2000000500,74490,4,0
2000000500,74537,5,0
2000000500,74039,6,0
2000000500,74511,7,0
2000000500,74497,8,0
2000000500,74170,9,0
2000000500,74513,10,0
2000000500,74516,11,0
2000000500,74500,12,0
2000000500,74502,13,0
2000000500,74504,14,0
2000000500,74505,15,0
2000000500,74507,16,0
2000000500,74539,17,0
2000000500,74509,18,1
2000000501,74510,1,0
2000000501,74540,2,0
2000000501,74508,3,0
2000000501,74506,4,0
2000000501,74503,5,0
2000000501,74501,6,0
2000000501,74499,7,0
2000000501,74515,8,0
2000000501,74514,9,0
2000000501,74171,10,0
2000000501,74498,11,0
2000000501,74512,12,0
2000000501,74040,13,0
2000000501,74538,14,0
2000000501,74489,15,0
2000000501,74482,16,0
2000000501,74294,17,0
2000000501,74131,18,1
2000000600,74131,1,0
2000000600,74676,2,0
2000000600,74677,3,0
2000000600,74678,4,0
2000000600,74679,5,0
2000000600,74680,6,0
2000000600,74681,7,0
2000000600,74280,8,0
2000000600,74278,9,0
2000000600,74273,10,0
2000000600,74289,11,0
2000000600,74297,12,0
2000000600,74272,13,0
2000000600,74276,14,0
2000000600,74270,15,1
2000000601,74270,1,0
2000000601,74275,2,0
2000000601,74271,3,0
2000000601,74296,4,0
2000000601,74290,5,0
2000000601,74274,6,0
2000000601,74279,7,0
2000000601,74281,8,0
2000000601,74670,9,0
2000000601,74671,10,0
2000000601,74672,11,0
2000000601,74673,12,0
2000000601,74674,13,0
2000000601,74675,14,0
2000000601,74131,15,1
2000000800,74313,1,0
2000000800,74321,2,0
2000000800,74315,3,0
2000000800,74531,4,0
2000000800,74014,5,0
2000000800,74295,6,0
2000000800,74011,7,0
2000000800,74021,8,0
2000000800,74023,9,0
2000000800,74027,10,0
2000000800,74009,11,0
2000000800,74029,12,0
2000000800,74031,13,0
2000000800,74071,14,0
2000000800,74085,15,0
2000000800,74089,16,0
2000000800,74131,17,1
2000000801,74131,1,0
2000000801,74088,2,0
2000000801,74084,3,0
2000000801,74069,4,0
2000000801,74030,5,0
2000000801,74028,6,0
2000000801,74026,7,0
2000000801,74022,8,0
2000000801,74020,9,0
2000000801,74012,10,0
2000000801,74294,11,0
2000000801,74013,12,0
2000000801,74015,13,0
2000000801,74314,14,0
2000000801,74322,15,0
2000000801,74312,16,1
2000000900,74660,1,0
2000000900,74662,2,0
2000000900,74661,3,0
2000000900,74588,4,0
2000000900,74589,5,0
2000000900,74663,6,0
2000000900,74668,7,0
2000000900,74664,8,0
2000000900,74131,9,1
2000000901,74131,1,0
2000000901,74185,2,0
2000000901,74595,3,0
2000000901,74594,4,0
2000000901,74593,5,0
2000000901,74590,6,0
2000000901,74591,7,0
2000000901,74667,8,0
2000000901,74666,9,1
