'CRC-A23-GTFSCRC-Fête-1-01',68000,75000,,'',0,16000,,'',0,12000,,'',0,12000,,'',0,16000,,'',0,12000,,'',0,12000,,'',0,16000,,'',0,12000,,'',0
'CRC-A23-GTFSCRC-Fête-1-01',68001,74200,4,'',0,16000,4,'',0,12000,4,'',0,12000,4,'',0,16000,4,'',0,12000,4,'',0,12000,4,'',0,16000,4,'',0,12000,4,'',0
'CRC-A23-GTFSCRC-Fête-1-02',68000,75000,,'',0,16000,,'',0,12000,,'',0,12000,,'',0,16000,,'',0,12000,,'',0,12000,,'',0,16000,,'',0,12000,,'',0
'CRC-A23-GTFSCRC-Fête-1-02',68001,74400,4,'',0,15800,4,'',0,12000,4,'',0,12000,4,'',0,16000,4,'',0,12000,4,'',0,12000,4,'',0,16000,4,'',0,12000,4,'',0
'CRC-A23-GTFSCRC-Week-end-01',68000,75000,,'',0,16000,,'',0,12000,,'',0,12000,,'',0,16000,,'',0,12000,,'',0,12000,,'',0,16000,,'',0,12000,,'',0
'CRC-A23-GTFSCRC-Week-end-01',68001,74200,4,'',0,16000,4,'',0,12000,4,'',0,12000,4,'',0,16000,4,'',0,12000,4,'',0,12000,4,'',0,16000,4,'',0,12000,4,'',0
'CRC-A23-GTFSCRC-Week-end-02',68000,75000,,'',0,16000,,'',0,12000,,'',0,12000,,'',0,16000,,'',0,12000,,'',0,12000,,'',0,16000,,'',0,12000,,'',0
'CRC-A23-GTFSCRC-Week-end-02',68001,74400,4,'',0,15800,4,'',0,12000,4,'',0,12000,4,'',0,16000,4,'',0,12000,4,'',0,12000,4,'',0,16000,4,'',0,12000,4,'',0
'CRC-A23-GTFSCRC-Fête-2-02',68100,70800,,'',0,10000,,'',0,10800,,'',0,10600,,'',0,10000,,'',0,10000,,'',0,10000,,'',0,10000,,'',0,9800,,'',0,9600,,'',0,10700,,'',0,10000,,'',0,9700,,'',0,10000,,'',0,10100,,'',0,9900,,'',0,10000,,'',0
'CRC-A23-GTFSCRC-Fête-2-02',68101,63600,4,'',0,10000,4,'',0,7000,4,'',0,3200,4,'',0,6800,4,'',0,3700,4,'',0,10300,4,'',0,10000,4,'',0,10000,4,'',0,10000,4,'',0,10000,4,'',0,10000,4,'',0,10900,4,'',0,10000,4,'',0,9000,4,'',0,10100,4,'',0,9900,4,'',0,10000,4,'',0,10000,4,'',0
'CRC-A23-GTFSCRC-Semaine-02',68100,70800,,'',0,10000,,'',0,10800,,'',0,10600,,'',0,10000,,'',0,10000,,'',0,10000,,'',0,10000,,'',0,9800,,'',0,10000,,'',0,10300,,'',0,10000,,'',0,9700,,'',0,10000,,'',0,10100,,'',0,9900,,'',0,10000,,'',0
'CRC-A23-GTFSCRC-Semaine-02',68101,63600,4,'',0,10000,4,'',0,6600,4,'',0,3600,4,'',0,6400,4,'',0,4100,4,'',0,10200,4,'',0,10000,4,'',0,10000,4,'',0,10000,4,'',0,10000,4,'',0,10000,4,'',0,11000,4,'',0,10000,4,'',0,9000,4,'',0,10100,4,'',0,9900,4,'',0,10000,4,'',0,10000,4,'',0
'CRC-A23-GTFSCRC-Semaine-03',68100,70800,,'',0,10000,,'',0,10800,,'',0,10600,,'',0,10000,,'',0,10000,,'',0,10000,,'',0,10000,,'',0,9800,,'',0,9600,,'',0,10700,,'',0,10000,,'',0,9700,,'',0,10000,,'',0,10100,,'',0,9900,,'',0,10000,,'',0
'CRC-A23-GTFSCRC-Semaine-03',68101,63600,4,'',0,10000,4,'',0,500,4,'',0,6500,4,'',0,3200,4,'',0,6800,4,'',0,3700,4,'',0,10300,4,'',0,10000,4,'',0,10000,4,'',0,10000,4,'',0,10000,4,'',0,10000,4,'',0,10900,4,'',0,10000,4,'',0,9000,4,'',0,10100,4,'',0,9900,4,'',0,10000,4,'',0,10000,4,'',0
