'CRC-H231-CRCGTFS-Semaine-01',30000,163300,,'',0,10700,,'',0
'CRC-H231-CRCGTFS-Semaine-01',30001,71700,4,'',0,11000,4,'',0
'CRC-H231-CRCGTFS-Semaine-01',30100,61800,,'',0,3300,,'',0,10700,,'',0,75700,,'',0
'CRC-H231-CRCGTFS-Semaine-01',30101,61500,4,'',0,3000,4,'',0,11000,4,'',0,7000,4,'',0,78000,4,'',0,5000,4,'',0,15000,4,'',0
'CRC-H231-CRCGTFS-Fête-1-01',30200,74000,,'',0,10500,,'',0,10000,,'',0,10500,,'',0,10000,,'',0,10500,,'',0,10000,,'',0,14500,,'',0,10000,,'',0,10500,,'',0,10000,,'',0
'CRC-H231-CRCGTFS-Fête-1-01',30201,73500,4,'',0,10500,4,'',0,10000,4,'',0,10500,4,'',0,10000,4,'',0,10500,4,'',0,10000,4,'',0,10500,4,'',0,10000,4,'',0,14500,4,'',0,10000,4,'',0
'CRC-H231-CRCGTFS-Semaine-01',30200,82500,,'',0,19000,,'',0,14000,,'',0,18000,,'',0,27500,,'',0,4800,,'',0,15200,,'',0,3500,,'',0,25500,,'',0,22800,,'',0
'CRC-H231-CRCGTFS-Semaine-01',30201,92500,4,'',0,8700,4,'',0,14000,4,'',0,18000,4,'',0,18000,4,'',0,32600,4,'',0,22000,4,'',0,26800,4,'',0
'CRC-H231-CRCGTFS-Week-end-01',30200,74000,,'',0,10500,,'',0,10000,,'',0,10500,,'',0,10000,,'',0,10500,,'',0,10000,,'',0,14500,,'',0,10000,,'',0,10500,,'',0,10000,,'',0
'CRC-H231-CRCGTFS-Week-end-01',30201,73500,4,'',0,10500,4,'',0,10000,4,'',0,10500,4,'',0,10000,4,'',0,10500,4,'',0,10000,4,'',0,10500,4,'',0,10000,4,'',0,14500,4,'',0,10000,4,'',0
