'CRC-A23-GTFSCRC-Fête-1-01',68000,80800,,'',0,12000,,'',0,12000,,'',0,16000,,'',0,12000,,'',0,12000,,'',0,16000,,'',0,12000,,'',0,12000,,'',0
'CRC-A23-GTFSCRC-Fête-1-01',68001,72800,4,'',0,12000,4,'',0,16000,4,'',0,12000,4,'',0,12000,4,'',0,16000,4,'',0,12000,4,'',0,12000,4,'',0,16000,4,'',0
'CRC-A23-GTFSCRC-Fête-1-02',68000,80800,,'',0,12000,,'',0,12000,,'',0,16000,,'',0,12000,,'',0,12000,,'',0,16000,,'',0,12000,,'',0,12000,,'',0
'CRC-A23-GTFSCRC-Fête-1-02',68001,73000,4,'',0,11800,4,'',0,16000,4,'',0,12000,4,'',0,12000,4,'',0,16000,4,'',0,12000,4,'',0,12000,4,'',0,16000,4,'',0
'CRC-A23-GTFSCRC-Week-end-01',68000,80800,,'',0,12000,,'',0,12000,,'',0,16000,,'',0,12000,,'',0,12000,,'',0,16000,,'',0,12000,,'',0,12000,,'',0
'CRC-A23-GTFSCRC-Week-end-01',68001,72800,4,'',0,12000,4,'',0,16000,4,'',0,12000,4,'',0,12000,4,'',0,16000,4,'',0,12000,4,'',0,12000,4,'',0,16000,4,'',0
'CRC-A23-GTFSCRC-Week-end-02',68000,80800,,'',0,12000,,'',0,12000,,'',0,16000,,'',0,12000,,'',0,12000,,'',0,16000,,'',0,12000,,'',0,12000,,'',0
'CRC-A23-GTFSCRC-Week-end-02',68001,73000,4,'',0,11800,4,'',0,16000,4,'',0,12000,4,'',0,12000,4,'',0,16000,4,'',0,12000,4,'',0,12000,4,'',0,16000,4,'',0
'CRC-A23-GTFSCRC-Fête-2-02',68100,104000,,'',0,10000,,'',0,10000,,'',0,10000,,'',0,10000,,'',0,10000,,'',0,9600,,'',0,10700,,'',0,10000,,'',0,9700,,'',0,10000,,'',0,10100,,'',0,9900,,'',0,10000,,'',0
'CRC-A23-GTFSCRC-Fête-2-02',68101,74800,4,'',0,10000,4,'',0,7700,4,'',0,10300,4,'',0,10000,4,'',0,10000,4,'',0,10000,4,'',0,10000,4,'',0,10000,4,'',0,10900,4,'',0,10000,4,'',0,9400,4,'',0,10100,4,'',0,9900,4,'',0
'CRC-A23-GTFSCRC-Semaine-02',68100,104000,,'',0,10000,,'',0,10000,,'',0,10000,,'',0,10000,,'',0,10000,,'',0,10000,,'',0,10300,,'',0,10000,,'',0,9700,,'',0,10000,,'',0,10100,,'',0,9900,,'',0,10000,,'',0
'CRC-A23-GTFSCRC-Semaine-02',68101,74800,4,'',0,10000,4,'',0,8100,4,'',0,10200,4,'',0,10000,4,'',0,10000,4,'',0,10000,4,'',0,10000,4,'',0,10000,4,'',0,11000,4,'',0,10000,4,'',0,9000,4,'',0,10100,4,'',0,9900,4,'',0
'CRC-A23-GTFSCRC-Semaine-03',68100,104000,,'',0,10000,,'',0,10000,,'',0,10000,,'',0,10000,,'',0,10000,,'',0,9600,,'',0,10700,,'',0,10000,,'',0,9700,,'',0,10000,,'',0,10100,,'',0,9900,,'',0,10000,,'',0
'CRC-A23-GTFSCRC-Semaine-03',68101,74800,4,'',0,10000,4,'',0,7700,4,'',0,10300,4,'',0,10000,4,'',0,10000,4,'',0,10000,4,'',0,10000,4,'',0,10000,4,'',0,10900,4,'',0,10000,4,'',0,9400,4,'',0,10100,4,'',0,9900,4,'',0
