'CRC-H231-CRCGTFS-Semaine-01',40000,62000,,'',0,3000,,'',0,5000,,'',0,2000,,'',0,500,,'',0,500,,'',0,2500,,'',0,6500,,'',0,71000,,'',0,2000,,'',0,5000,,'',0,2000,,'',0,500,,'',0,500,,'',0,2000,,'',0,5000,,'',0,2000,,'',0,1000,,'',0,1000,,'',0,6000,,'',0,3000,,'',0
'CRC-H231-CRCGTFS-Semaine-01',40001,54300,4,'',0,8700,4,'',0,2000,4,'',0,5200,4,'',0,2000,4,'',0,500,4,'',0,700,4,'',0,6800,4,'',0,1300,4,'',0,2000,4,'',0,800,4,'',0,5900,4,'',0,1000,4,'',0,2400,4,'',0,68100,4,'',0,2500,4,'',0,7200,4,'',0,1500,4,'',0,1000,4,'',0,1000,4,'',0,6600,4,'',0,9300,4,'',0
'CRC-H231-CRCGTFS-Fête-1-01',40100,64000,,'',0,10000,,'',0,10500,,'',0,10000,,'',0,10500,,'',0,10000,,'',0,10500,,'',0,10000,,'',0,14500,,'',0,10000,,'',0,10500,,'',0,10000,,'',0,10500,,'',0,10000,,'',0,10500,,'',0,10000,,'',0,10500,,'',0,10000,,'',0,10000,,'',0
'CRC-H231-CRCGTFS-Fête-1-01',40101,63300,4,'',0,10000,4,'',0,10500,4,'',0,10000,4,'',0,10500,4,'',0,10000,4,'',0,10500,4,'',0,10000,4,'',0,10500,4,'',0,10000,4,'',0,10500,4,'',0,10000,4,'',0,14500,4,'',0,10000,4,'',0,10500,4,'',0,10000,4,'',0,10500,4,'',0,10000,4,'',0,10500,4,'',0
'CRC-H231-CRCGTFS-Semaine-01',40100,55000,,'',0,8500,,'',0,7000,,'',0,3500,,'',0,6500,,'',0,3300,,'',0,8700,,'',0,9000,,'',0,9000,,'',0,5000,,'',0,9000,,'',0,9000,,'',0,9000,,'',0,8500,,'',0,3000,,'',0,7000,,'',0,3000,,'',0,7000,,'',0,4000,,'',0,6500,,'',0,3500,,'',0,6000,,'',0,9000,,'',0,5000,,'',0,9000,,'',0,9000,,'',0,9000,,'',0,8500,,'',0,4000,,'',0
'CRC-H231-CRCGTFS-Semaine-01',40101,61900,4,'',0,3000,4,'',0,7000,4,'',0,3500,4,'',0,7000,4,'',0,3100,4,'',0,6500,4,'',0,8000,4,'',0,5000,4,'',0,9000,4,'',0,9000,4,'',0,8900,4,'',0,9000,4,'',0,5000,4,'',0,9000,4,'',0,8500,4,'',0,7500,4,'',0,10000,4,'',0,4000,4,'',0,10500,4,'',0,8000,4,'',0,8800,4,'',0,9000,4,'',0,9000,4,'',0,5000,4,'',0,9000,4,'',0
'CRC-H231-CRCGTFS-Week-end-01',40100,64000,,'',0,10000,,'',0,10500,,'',0,10000,,'',0,10500,,'',0,10000,,'',0,10500,,'',0,10000,,'',0,14500,,'',0,10000,,'',0,10500,,'',0,10000,,'',0,10500,,'',0,10000,,'',0,10500,,'',0,10000,,'',0,10500,,'',0,10000,,'',0,10000,,'',0
'CRC-H231-CRCGTFS-Week-end-01',40101,63300,4,'',0,10000,4,'',0,10500,4,'',0,10000,4,'',0,10500,4,'',0,10000,4,'',0,10500,4,'',0,10000,4,'',0,10500,4,'',0,10000,4,'',0,10500,4,'',0,10000,4,'',0,14500,4,'',0,10000,4,'',0,10500,4,'',0,10000,4,'',0,10500,4,'',0,10000,4,'',0,10500,4,'',0
'CRC-H231-CRCGTFS-Semaine-01',50001,74000,4,'',0
'CRC-H231-CRCGTFS-Semaine-01',60001,72600,4,'',0,9200,4,'',0
