10400,'Fête-1-01',603,,1,50,,,1,130,,2,50,,,1,170,,3,50,,,1,130,,4,50,,,1,170,,5,50,,,1,130,,6,50,,,1,170,,7,50,,,1,130,,8,50,,,1,170,,9,50,,,1,130,,10,50,,,1,170,,11,50,,,1,130,,12,50,,,1,170,,13,50,,,1,130,,14,50,,,1
10400,'Semaine-01',911,,58,50,,,1,30,,45,50,,,1,70,,59,50,,,1,30,,46,50,,,1,70,,60,50,,,1,30,,47,50,,,1,70,,61,50,,,1,30,,48,50,,,1,70,,62,50,,,1,30,,49,50,,,1,70,,63,50,,,1,30,,50,50,,,1,70,,51,50,,,1,425,,64,50,,,1,71,,40,50,,,1,29,,52,50,,,1,70,,41,50,,,1,30,,53,50,,,1,70,,42,50,,,1,30,,54,50,,,1,70,,43,50,,,1,30,,55,50,,,1,70,,44,50,,,1,30,,56,50,,,1,93,,57,50,,,1
10400,'Week-end-01',603,,65,50,,,1,130,,66,50,,,1,170,,67,50,,,1,130,,68,50,,,1,170,,69,50,,,1,130,,70,50,,,1,170,,71,50,,,1,130,,72,50,,,1,170,,73,50,,,1,130,,74,50,,,1,170,,75,50,,,1,130,,76,50,,,1,170,,77,50,,,1,130,,78,50,,,1
10600,'Semaine-01',457,,186,50,,,0,60,,182,50,,,0,20,,183,50,,,0,20,,184,50,,,0,60,,179,50,,,0,20,,181,50,,,0,20,,180,50,,,0,60,,177,50,,,0,20,,178,50,,,0,20,,175,50,,,0,60,,176,50,,,0,20,,185,50,,,0
10701,'Fête-1-01',533,,247,40,,,0,125,,235,40,,,0,170,,236,40,,,0,130,,237,40,,,0,170,,238,40,,,0,130,,239,40,,,0,170,,240,40,,,0,130,,241,40,,,0,170,,242,40,,,0,130,,243,40,,,0,170,,244,40,,,0,130,,245,40,,,0,170,,246,40,,,0
10701,'Semaine-01',930,,284,40,,,0,100,,285,40,,,0,100,,286,40,,,0,100,,287,40,,,0,100,,281,40,,,0,100,,282,40,,,0,105,,293,40,,,0,20,,271,40,,,0,60,,272,40,,,0,20,,273,40,,,0,20,,274,40,,,0,60,,275,40,,,0,20,,276,40,,,0,20,,277,40,,,0,60,,278,40,,,0,20,,279,40,,,0,20,,280,40,,,0,82,,288,40,,,0,93,,289,40,,,0,100,,290,40,,,0,100,,291,40,,,0,100,,292,40,,,0,100,,283,40,,,0
10701,'Week-end-01',533,,306,40,,,0,125,,294,40,,,0,170,,295,40,,,0,130,,296,40,,,0,170,,297,40,,,0,130,,298,40,,,0,170,,299,40,,,0,130,,300,40,,,0,170,,301,40,,,0,130,,302,40,,,0,170,,303,40,,,0,130,,304,40,,,0,170,,305,40,,,0
10901,'Semaine-01',603,,351,50,,,0,30,,352,50,,,0,70,,353,50,,,0,25,,354,50,,,0
38300,'Semaine-01',1244,,424,50,,,0,200,,423,50,,,0,101,,425,50,,,0,158,,426,50,,,0,98,,427,50,,,0,53,,428,50,,,0,84,,422,50,,,0
48800,'Semaine-01',1618,,907,60,,,0,11,,908,60,,,0,71,,909,60,,,0,18,,910,60,,,0,24,,911,60,,,0,58,,912,60,,,0,16,,913,60,,,0,22,,914,60,,,0
68001,'Fête-1-01',722,,946,40,,,0,130,,939,40,,,0,170,,940,40,,,0,130,,941,40,,,0,170,,942,40,,,0,130,,943,40,,,0,170,,944,40,,,0,130,,945,40,,,0
68001,'Week-end-01',722,,954,40,,,0,130,,947,40,,,0,170,,948,40,,,0,130,,949,40,,,0,170,,950,40,,,0,130,,951,40,,,0,170,,952,40,,,0,130,,953,40,,,0
68101,'Semaine-01',601,,1024,140,,,0,47,,1022,140,,,0,154,,1010,40,,,0,108,,1014,140,,,0,100,,1015,40,,,0,100,,1016,40,,,0,106,,1017,40,,,0,96,,1018,40,,,0,106,,1012,40,,,0,93,,1013,40,,,0,115,,1028,40,,,0,90,,1029,140,,,0,95,,1021,40,,,0,106,,1023,40,,,0,109,,1027,40,,,0,87,,1020,40,,,0,103,,1019,40,,,0
68500,'Semaine-01',1336,,1035,140,,,0,323,,1033,140,,,0,190,,1034,140,,,0
