'CRC-A24-GTFSCRC-Fête-1-01',48100,64000,4,'',0,8500,4,'',0,8500,4,'',0,4500,4,'',0,8500,4,'',0,8500,4,'',0,8500,4,'',0,4500,4,'',0,8500,4,'',0,8500,4,'',0,8500,4,'',0,4500,4,'',0,8500,4,'',0,8500,4,'',0,8500,4,'',0,4500,4,'',0,8500,4,'',0,8500,4,'',0,8500,4,'',0,4500,4,'',0,8500,4,'',0,8500,4,'',0,8500,4,'',0,4500,4,'',0,8500,4,'',0,8500,4,'',0
'CRC-A24-GTFSCRC-Fête-1-01',48101,55000,,'',0,8500,,'',0,8500,,'',0,8500,,'',0,4500,,'',0,8500,,'',0,8500,,'',0,8500,,'',0,4500,,'',0,8500,,'',0,8500,,'',0,8500,,'',0,4500,,'',0,8500,,'',0,8500,,'',0,8500,,'',0,4500,,'',0,8500,,'',0,8500,,'',0,8500,,'',0,4500,,'',0,8500,,'',0,8500,,'',0,8500,,'',0,4500,,'',0,8500,,'',0
'CRC-A24-GTFSCRC-Fête-2-01',48100,54200,4,'',0,1500,4,'',0,5500,4,'',0,3000,4,'',0,1000,4,'',0,7000,4,'',0,2000,4,'',0,6000,4,'',0,4000,4,'',0,1500,4,'',0,6700,4,'',0,3000,4,'',0,7000,4,'',0,3000,4,'',0,7000,4,'',0,3000,4,'',0,7000,4,'',0,3000,4,'',0,7000,4,'',0,3000,4,'',0,7000,4,'',0,3000,4,'',0,7000,4,'',0,2200,4,'',0,5500,4,'',0,2500,4,'',0,1000,4,'',0,2000,4,'',0,5000,4,'',0,2000,4,'',0,1000,4,'',0,2000,4,'',0,5000,4,'',0,2000,4,'',0,1500,4,'',0,5900,4,'',0,3000,4,'',0,2400,4,'',0,7000,4,'',0,3000,4,'',0,7000,4,'',0,3000,4,'',0,7000,4,'',0,3000,4,'',0,7000,4,'',0,3000,4,'',0,7000,4,'',0,3000,4,'',0,7000,4,'',0
'CRC-A24-GTFSCRC-Fête-2-01',48101,50700,,'',0,1500,,'',0,1500,,'',0,1500,,'',0,5500,,'',0,1000,,'',0,3000,,'',0,6000,,'',0,2000,,'',0,1000,,'',0,2000,,'',0,6500,,'',0,2000,,'',0,6500,,'',0,3800,,'',0,7000,,'',0,3000,,'',0,7000,,'',0,3000,,'',0,7300,,'',0,2700,,'',0,7300,,'',0,2700,,'',0,7300,,'',0,2700,,'',0,7200,,'',0,1200,,'',0,2200,,'',0,5500,,'',0,2500,,'',0,1000,,'',0,6000,,'',0,1000,,'',0,2000,,'',0,7000,,'',0,2000,,'',0,3000,,'',0,6400,,'',0,3700,,'',0,6300,,'',0,3000,,'',0,7200,,'',0,2800,,'',0,7000,,'',0,3000,,'',0,7000,,'',0,3000,,'',0,7000,,'',0,3000,,'',0
'CRC-A24-GTFSCRC-Semaine-01',48100,54200,4,'',0,1500,4,'',0,5500,4,'',0,2000,4,'',0,1000,4,'',0,1000,4,'',0,5000,4,'',0,1000,4,'',0,1000,4,'',0,1000,4,'',0,1000,4,'',0,1000,4,'',0,5000,4,'',0,1000,4,'',0,2000,4,'',0,1000,4,'',0,1500,4,'',0,6700,4,'',0,3000,4,'',0,7000,4,'',0,3000,4,'',0,7000,4,'',0,3000,4,'',0,7000,4,'',0,3000,4,'',0,7000,4,'',0,3000,4,'',0,7000,4,'',0,3000,4,'',0,7000,4,'',0,2200,4,'',0,5500,4,'',0,1500,4,'',0,1000,4,'',0,1000,4,'',0,1000,4,'',0,1000,4,'',0,5000,4,'',0,1000,4,'',0,1000,4,'',0,1000,4,'',0,1000,4,'',0,1000,4,'',0,5000,4,'',0,1000,4,'',0,1000,4,'',0,1500,4,'',0,5900,4,'',0,1100,4,'',0,1900,4,'',0,2400,4,'',0,7000,4,'',0,3000,4,'',0,7000,4,'',0,3000,4,'',0,7000,4,'',0,3000,4,'',0,7000,4,'',0,3000,4,'',0,7000,4,'',0,3000,4,'',0,7000,4,'',0
'CRC-A24-GTFSCRC-Semaine-01',48101,50700,,'',0,1500,,'',0,1500,,'',0,1500,,'',0,5500,,'',0,1000,,'',0,1000,,'',0,1000,,'',0,1000,,'',0,1000,,'',0,5000,,'',0,1000,,'',0,1000,,'',0,1000,,'',0,1000,,'',0,1000,,'',0,5000,,'',0,1500,,'',0,2000,,'',0,6500,,'',0,3800,,'',0,7000,,'',0,3000,,'',0,7000,,'',0,3000,,'',0,7300,,'',0,2700,,'',0,7300,,'',0,2700,,'',0,7300,,'',0,2700,,'',0,7200,,'',0,1200,,'',0,2200,,'',0,5500,,'',0,1500,,'',0,1000,,'',0,1000,,'',0,1000,,'',0,5000,,'',0,1000,,'',0,1000,,'',0,1000,,'',0,2000,,'',0,5000,,'',0,2000,,'',0,3000,,'',0,6400,,'',0,3700,,'',0,6300,,'',0,3000,,'',0,7200,,'',0,2800,,'',0,7000,,'',0,3000,,'',0,7000,,'',0,3000,,'',0,7000,,'',0,3000,,'',0
'CRC-A24-GTFSCRC-Week-end-01',48100,64000,4,'',0,8500,4,'',0,8500,4,'',0,4500,4,'',0,8500,4,'',0,8500,4,'',0,8500,4,'',0,4500,4,'',0,8500,4,'',0,8500,4,'',0,8500,4,'',0,4500,4,'',0,8500,4,'',0,8500,4,'',0,8500,4,'',0,4500,4,'',0,8500,4,'',0,8500,4,'',0,8500,4,'',0,4500,4,'',0,8500,4,'',0,8500,4,'',0,8500,4,'',0,4500,4,'',0,8500,4,'',0,8500,4,'',0
'CRC-A24-GTFSCRC-Week-end-01',48101,55000,,'',0,8500,,'',0,8500,,'',0,8500,,'',0,4500,,'',0,8500,,'',0,8500,,'',0,8500,,'',0,4500,,'',0,8500,,'',0,8500,,'',0,8500,,'',0,4500,,'',0,8500,,'',0,8500,,'',0,8500,,'',0,4500,,'',0,8500,,'',0,8500,,'',0,8500,,'',0,4500,,'',0,8500,,'',0,8500,,'',0,8500,,'',0,4500,,'',0,8500,,'',0
'CRC-A24-GTFSCRC-Fête-2-01',48200,160900,,'',0,3600,,'',0,7000,,'',0,3000,,'',0,6800,,'',0,2000,,'',0
'CRC-A24-GTFSCRC-Fête-2-01',48201,63200,,'',0,2500,,'',0,6000,,'',0,3000,,'',0,6000,,'',0,2000,,'',0,2000,,'',0,6500,,'',0
'CRC-A24-GTFSCRC-Semaine-01',48200,160900,,'',0,3100,,'',0,7000,,'',0,3000,,'',0,6800,,'',0,2500,,'',0
'CRC-A24-GTFSCRC-Semaine-01',48201,63200,,'',0,2000,,'',0,6000,,'',0,3000,,'',0,6000,,'',0,2500,,'',0,2000,,'',0,6500,,'',0
