'CRC-A24-GTFSCRC-Fête-1-01',48100,62500,,'',0,8500,,'',0,4500,,'',0,8500,,'',0,8500,,'',0,8500,,'',0,4500,,'',0,8500,,'',0,8500,,'',0,8500,,'',0,4500,,'',0,8500,,'',0,8300,,'',0,8500,,'',0,4500,,'',0,8500,,'',0,8700,,'',0,8500,,'',0,4500,,'',0,8500,,'',0,8500,,'',0,8500,,'',0,4500,,'',0,8500,,'',0,8500,,'',0,8500,,'',0
'CRC-A24-GTFSCRC-Fête-1-01',48101,60500,4,'',0,4500,4,'',0,8500,4,'',0,8500,4,'',0,8500,4,'',0,4400,4,'',0,8500,4,'',0,8500,4,'',0,8500,4,'',0,4500,4,'',0,8500,4,'',0,8500,4,'',0,8500,4,'',0,4600,4,'',0,8500,4,'',0,8500,4,'',0,8500,4,'',0,4400,4,'',0,8500,4,'',0,8500,4,'',0,8500,4,'',0,4500,4,'',0,8500,4,'',0,8500,4,'',0,8500,4,'',0,4500,4,'',0
'CRC-A24-GTFSCRC-Fête-2-01',48100,52700,,'',0,1500,,'',0,1500,,'',0,7000,,'',0,1000,,'',0,7000,,'',0,2000,,'',0,2000,,'',0,8000,,'',0,1500,,'',0,6800,,'',0,3000,,'',0,7000,,'',0,3000,,'',0,7000,,'',0,3000,,'',0,7000,,'',0,3000,,'',0,7000,,'',0,3000,,'',0,7000,,'',0,3000,,'',0,6500,,'',0,2200,,'',0,1500,,'',0,6500,,'',0,1000,,'',0,2000,,'',0,1000,,'',0,6000,,'',0,1000,,'',0,2000,,'',0,1000,,'',0,6500,,'',0,1500,,'',0,1900,,'',0,7000,,'',0,2400,,'',0,7000,,'',0,3000,,'',0,7000,,'',0,3000,,'',0,7000,,'',0,3000,,'',0,7000,,'',0,3000,,'',0,7000,,'',0,3000,,'',0,7000,,'',0
'CRC-A24-GTFSCRC-Fête-2-01',48101,52200,4,'',0,1500,4,'',0,1500,4,'',0,5500,4,'',0,1500,4,'',0,1000,4,'',0,7000,4,'',0,2000,4,'',0,2000,4,'',0,1000,4,'',0,6000,4,'',0,2500,4,'',0,2000,4,'',0,6400,4,'',0,3800,4,'',0,7000,4,'',0,3000,4,'',0,7000,4,'',0,3000,4,'',0,7300,4,'',0,2700,4,'',0,7300,4,'',0,2700,4,'',0,7300,4,'',0,2700,4,'',0,7300,4,'',0,1200,4,'',0,6200,4,'',0,1500,4,'',0,2500,4,'',0,1000,4,'',0,6000,4,'',0,1000,4,'',0,2000,4,'',0,6900,4,'',0,2000,4,'',0,7000,4,'',0,2400,4,'',0,7700,4,'',0,2300,4,'',0,3000,4,'',0,7200,4,'',0,2800,4,'',0,7000,4,'',0,3000,4,'',0,7000,4,'',0,3000,4,'',0,7000,4,'',0,3000,4,'',0
'CRC-A24-GTFSCRC-Semaine-01',48100,52700,,'',0,1500,,'',0,1500,,'',0,6000,,'',0,1000,,'',0,1000,,'',0,1000,,'',0,1000,,'',0,5000,,'',0,1000,,'',0,1000,,'',0,1000,,'',0,1000,,'',0,1000,,'',0,6000,,'',0,1000,,'',0,1500,,'',0,6800,,'',0,3000,,'',0,7000,,'',0,3000,,'',0,7000,,'',0,3000,,'',0,7000,,'',0,3000,,'',0,7000,,'',0,3000,,'',0,7000,,'',0,3000,,'',0,6500,,'',0,2200,,'',0,1500,,'',0,1500,,'',0,5000,,'',0,1000,,'',0,1000,,'',0,1000,,'',0,1000,,'',0,1000,,'',0,5000,,'',0,1000,,'',0,1000,,'',0,1000,,'',0,1000,,'',0,1000,,'',0,5500,,'',0,1500,,'',0,1900,,'',0,1100,,'',0,5900,,'',0,2400,,'',0,7000,,'',0,3000,,'',0,7000,,'',0,3000,,'',0,7000,,'',0,3000,,'',0,7000,,'',0,3000,,'',0,7000,,'',0,3000,,'',0,7000,,'',0
'CRC-A24-GTFSCRC-Semaine-01',48101,52200,4,'',0,1500,4,'',0,1500,4,'',0,5500,4,'',0,1500,4,'',0,1000,4,'',0,1000,4,'',0,1000,4,'',0,5000,4,'',0,1000,4,'',0,1000,4,'',0,1000,4,'',0,1000,4,'',0,1000,4,'',0,5000,4,'',0,1000,4,'',0,1000,4,'',0,1500,4,'',0,2000,4,'',0,6400,4,'',0,3800,4,'',0,7000,4,'',0,3000,4,'',0,7000,4,'',0,3000,4,'',0,7300,4,'',0,2700,4,'',0,7300,4,'',0,2700,4,'',0,7300,4,'',0,2700,4,'',0,7300,4,'',0,1200,4,'',0,6200,4,'',0,1500,4,'',0,1500,4,'',0,1000,4,'',0,1000,4,'',0,5000,4,'',0,1000,4,'',0,1000,4,'',0,1000,4,'',0,1000,4,'',0,6000,4,'',0,900,4,'',0,2000,4,'',0,7000,4,'',0,2400,4,'',0,7700,4,'',0,2300,4,'',0,3000,4,'',0,7200,4,'',0,2800,4,'',0,7000,4,'',0,3000,4,'',0,7000,4,'',0,3000,4,'',0,7000,4,'',0,3000,4,'',0
'CRC-A24-GTFSCRC-Week-end-01',48100,62500,,'',0,8500,,'',0,4500,,'',0,8500,,'',0,8500,,'',0,8500,,'',0,4500,,'',0,8500,,'',0,8500,,'',0,8500,,'',0,4500,,'',0,8500,,'',0,8300,,'',0,8500,,'',0,4500,,'',0,8500,,'',0,8700,,'',0,8500,,'',0,4500,,'',0,8500,,'',0,8500,,'',0,8500,,'',0,4500,,'',0,8500,,'',0,8500,,'',0,8500,,'',0
'CRC-A24-GTFSCRC-Week-end-01',48101,60500,4,'',0,4500,4,'',0,8500,4,'',0,8500,4,'',0,8500,4,'',0,4400,4,'',0,8500,4,'',0,8500,4,'',0,8500,4,'',0,4500,4,'',0,8500,4,'',0,8500,4,'',0,8500,4,'',0,4600,4,'',0,8500,4,'',0,8500,4,'',0,8500,4,'',0,4400,4,'',0,8500,4,'',0,8500,4,'',0,8500,4,'',0,4500,4,'',0,8500,4,'',0,8500,4,'',0,8500,4,'',0,4500,4,'',0
'CRC-A24-GTFSCRC-Fête-2-01',48200,155200,,'',0,7500,,'',0,3000,,'',0,7000,,'',0,3000,,'',0,6000,,'',0
'CRC-A24-GTFSCRC-Fête-2-01',48201,64800,4,'',0,6500,4,'',0,2100,4,'',0,7000,4,'',0,2000,4,'',0,1800,4,'',0,6000,4,'',0,2500,4,'',0
'CRC-A24-GTFSCRC-Semaine-01',48200,155200,,'',0,7000,,'',0,3000,,'',0,7000,,'',0,3000,,'',0,6500,,'',0
'CRC-A24-GTFSCRC-Semaine-01',48201,64800,4,'',0,6000,4,'',0,2100,4,'',0,3000,4,'',0,6000,4,'',0,2300,4,'',0,6000,4,'',0,2500,4,'',0
