10400,'Fête-1-01',602,,1,30,,,1,130,,2,30,,,1,170,,3,30,,,1,130,,4,30,,,1,170,,5,30,,,1,130,,6,30,,,1,170,,7,30,,,1,130,,8,30,,,1,170,,9,30,,,1,130,,10,30,,,1,170,,11,30,,,1,130,,12,30,,,1,170,,13,30,,,1,130,,14,30,,,1
10400,'Semaine-01',910,,58,30,,,1,30,,45,30,,,1,70,,59,30,,,1,30,,46,30,,,1,70,,60,30,,,1,30,,47,30,,,1,70,,61,30,,,1,30,,48,30,,,1,70,,62,30,,,1,30,,49,30,,,1,70,,63,30,,,1,30,,50,30,,,1,70,,51,30,,,1,425,,64,30,,,1,71,,40,30,,,1,29,,52,30,,,1,70,,41,30,,,1,30,,53,30,,,1,70,,42,30,,,1,30,,54,30,,,1,70,,43,30,,,1,30,,55,30,,,1,70,,44,30,,,1,30,,56,30,,,1,93,,57,30,,,1
10400,'Week-end-01',602,,65,30,,,1,130,,66,30,,,1,170,,67,30,,,1,130,,68,30,,,1,170,,69,30,,,1,130,,70,30,,,1,170,,71,30,,,1,130,,72,30,,,1,170,,73,30,,,1,130,,74,30,,,1,170,,75,30,,,1,130,,76,30,,,1,170,,77,30,,,1,130,,78,30,,,1
10600,'Semaine-01',455,,186,30,,,0,60,,182,30,,,0,20,,183,30,,,0,20,,184,30,,,0,60,,179,30,,,0,20,,181,30,,,0,20,,180,30,,,0,60,,177,30,,,0,20,,178,30,,,0,20,,175,30,,,0,60,,176,30,,,0,20,,185,30,,,0
10701,'Fête-1-01',531,,247,20,,,0,125,,235,20,,,0,170,,236,20,,,0,130,,237,20,,,0,170,,238,20,,,0,130,,239,20,,,0,170,,240,20,,,0,130,,241,20,,,0,170,,242,20,,,0,130,,243,20,,,0,170,,244,20,,,0,130,,245,20,,,0,170,,246,20,,,0
10701,'Semaine-01',928,,284,20,,,0,100,,285,20,,,0,100,,286,20,,,0,100,,287,20,,,0,100,,281,20,,,0,100,,282,20,,,0,105,,293,20,,,0,20,,271,20,,,0,60,,272,20,,,0,20,,273,20,,,0,20,,274,20,,,0,60,,275,20,,,0,20,,276,20,,,0,20,,277,20,,,0,60,,278,20,,,0,20,,279,20,,,0,20,,280,20,,,0,82,,288,20,,,0,93,,289,20,,,0,100,,290,20,,,0,100,,291,20,,,0,100,,292,20,,,0,100,,283,20,,,0
10701,'Week-end-01',531,,306,20,,,0,125,,294,20,,,0,170,,295,20,,,0,130,,296,20,,,0,170,,297,20,,,0,130,,298,20,,,0,170,,299,20,,,0,130,,300,20,,,0,170,,301,20,,,0,130,,302,20,,,0,170,,303,20,,,0,130,,304,20,,,0,170,,305,20,,,0
10901,'Semaine-01',601,,351,30,,,0,30,,352,30,,,0,70,,353,30,,,0,25,,354,30,,,0
38300,'Semaine-01',1243,,424,30,,,0,200,,423,30,,,0,101,,425,30,,,0,158,,426,30,,,0,98,,427,30,,,0,53,,428,30,,,0,84,,422,30,,,0
48800,'Semaine-01',1616,,907,40,,,0,11,,908,40,,,0,31,,909,40,,,0,58,,910,40,,,0,25,,911,40,,,0,18,,912,40,,,0,56,,913,40,,,0,22,,914,40,,,0
68001,'Fête-1-01',721,,946,20,,,0,130,,939,20,,,0,170,,940,20,,,0,130,,941,20,,,0,170,,942,20,,,0,130,,943,20,,,0,170,,944,20,,,0,130,,945,20,,,0
68001,'Week-end-01',721,,954,20,,,0,130,,947,20,,,0,170,,948,20,,,0,130,,949,20,,,0,170,,950,20,,,0,130,,951,20,,,0,170,,952,20,,,0,130,,953,20,,,0
68101,'Semaine-01',559,,1024,120,,,0,87,,1022,120,,,0,155,,1010,20,,,0,108,,1014,120,,,0,100,,1015,20,,,0,100,,1016,20,,,0,106,,1017,20,,,0,96,,1018,20,,,0,106,,1012,20,,,0,92,,1013,20,,,0,115,,1028,20,,,0,90,,1029,120,,,0,95,,1021,20,,,0,107,,1023,20,,,0,109,,1027,20,,,0,86,,1020,20,,,0,103,,1019,20,,,0
68500,'Semaine-01',1334,,1035,120,,,0,323,,1033,120,,,0,191,,1034,120,,,0
