10400,'Fête-1-01',605,,1,70,,,1,130,,2,70,,,1,170,,3,70,,,1,130,,4,70,,,1,170,,5,70,,,1,130,,6,70,,,1,170,,7,70,,,1,130,,8,70,,,1,170,,9,70,,,1,130,,10,70,,,1,170,,11,70,,,1,130,,12,70,,,1,170,,13,70,,,1,130,,14,70,,,1
10400,'Semaine-01',913,,58,70,,,1,30,,45,70,,,1,70,,59,70,,,1,30,,46,70,,,1,70,,60,70,,,1,30,,47,70,,,1,70,,61,70,,,1,30,,48,70,,,1,70,,62,70,,,1,30,,49,70,,,1,70,,63,70,,,1,30,,50,70,,,1,70,,51,70,,,1,425,,64,70,,,1,71,,40,70,,,1,29,,52,70,,,1,70,,41,70,,,1,30,,53,70,,,1,70,,42,70,,,1,30,,54,70,,,1,70,,43,70,,,1,30,,55,70,,,1,70,,44,70,,,1,30,,56,70,,,1,93,,57,70,,,1
10400,'Week-end-01',605,,65,70,,,1,130,,66,70,,,1,170,,67,70,,,1,130,,68,70,,,1,170,,69,70,,,1,130,,70,70,,,1,170,,71,70,,,1,130,,72,70,,,1,170,,73,70,,,1,130,,74,70,,,1,170,,75,70,,,1,130,,76,70,,,1,170,,77,70,,,1,130,,78,70,,,1
10600,'Semaine-01',459,,186,70,,,0,60,,182,70,,,0,20,,183,70,,,0,20,,184,70,,,0,60,,179,70,,,0,20,,181,70,,,0,20,,180,70,,,0,60,,177,70,,,0,20,,178,70,,,0,20,,175,70,,,0,60,,176,70,,,0,20,,185,70,,,0
10901,'Semaine-01',604,,351,70,,,0,30,,352,70,,,0,70,,353,70,,,0,25,,354,70,,,0
38300,'Semaine-01',1246,,424,70,,,0,200,,423,70,,,0,101,,425,70,,,0,158,,426,70,,,0,98,,427,70,,,0,53,,428,70,,,0,84,,422,70,,,0
48800,'Semaine-01',1620,,907,80,,,0,11,,908,80,,,0,71,,909,80,,,0,18,,910,80,,,0,24,,911,80,,,0,58,,912,80,,,0,16,,913,80,,,0,22,,914,80,,,0
48801,'Semaine-01',544,,919,10,,,0,60,,920,10,,,0,20,,921,10,,,0,20,,922,10,,,0,60,,917,10,,,0,20,,918,10,,,0,20,,916,10,,,0,60,,915,10,,,0
68001,'Fête-1-01',724,,946,60,,,0,130,,939,60,,,0,170,,940,60,,,0,130,,941,60,,,0,170,,942,60,,,0,130,,943,60,,,0,170,,944,60,,,0,130,,945,60,,,0
68001,'Week-end-01',724,,954,60,,,0,130,,947,60,,,0,170,,948,60,,,0,130,,949,60,,,0,170,,950,60,,,0,130,,951,60,,,0,170,,952,60,,,0,130,,953,60,,,0
68101,'Semaine-01',603,,1024,160,,,0,47,,1022,160,,,0,154,,1010,60,,,0,108,,1014,160,,,0,100,,1015,60,,,0,100,,1016,60,,,0,106,,1017,60,,,0,96,,1018,60,,,0,106,,1012,60,,,0,93,,1013,60,,,0,115,,1028,60,,,0,90,,1029,160,,,0,95,,1021,60,,,0,106,,1023,60,,,0,109,,1027,60,,,0,87,,1020,60,,,0,103,,1019,60,,,0
68500,'Semaine-01',1338,,1035,160,,,0,363,,1033,160,,,0,150,,1034,160,,,0
