10500,'Fête-1-01',736,,80,20,,,0,170,,81,20,,,0,130,,82,20,,,0,170,,83,20,,,0,130,,84,20,,,0,170,,85,20,,,0,130,,86,20,,,0,170,,87,20,,,0,130,,88,20,,,0,170,,89,20,,,0,130,,90,20,,,0,170,,91,20,,,0,40,,92,20,,,0
10500,'Semaine-01',547,,134,20,,,0,70,,135,20,,,0,30,,136,20,,,0,59,,137,20,,,0,40,,138,20,,,0,155,,122,20,,,0,58,,123,20,,,0,148,,124,20,,,0,94,,125,20,,,0,106,,126,20,,,0,94,,127,20,,,0,106,,128,20,,,0,115,,148,20,,,0,18,,143,20,,,0,61,,144,20,,,0,43,,139,20,,,0,57,,140,20,,,0,20,,141,20,,,0,94,,142,20,,,0,86,,129,20,,,0,103,,130,20,,,0,101,,131,20,,,0,99,,132,20,,,0,100,,133,20,,,0,54,,121,20,,,0
10500,'Semaine-05',547,,1083,20,,,0,70,,1084,20,,,0,30,,1085,20,,,0,59,,1086,20,,,0,40,,1087,20,,,0,155,,1071,20,,,0,58,,1072,20,,,0,148,,1073,20,,,0,94,,1074,20,,,0,106,,1075,20,,,0,94,,1076,20,,,0,106,,1077,20,,,0,115,,1097,20,,,0,18,,1092,20,,,0,61,,1093,20,,,0,43,,1088,20,,,0,57,,1089,20,,,0,20,,1090,20,,,0,94,,1091,20,,,0,86,,1078,20,,,0,103,,1079,20,,,0,101,,1080,20,,,0,99,,1081,20,,,0,100,,1082,20,,,0,54,,1070,20,,,0
10500,'Week-end-01',736,,150,20,,,0,170,,151,20,,,0,130,,152,20,,,0,170,,153,20,,,0,130,,154,20,,,0,170,,155,20,,,0,130,,156,20,,,0,170,,157,20,,,0,130,,158,20,,,0,170,,159,20,,,0,130,,160,20,,,0,170,,161,20,,,0,40,,162,20,,,0
10601,'Semaine-01',1531,,210,20,,,0,20,,205,20,,,0,60,,206,20,,,0,20,,207,20,,,0,20,,208,20,,,0,60,,201,20,,,0,20,,199,20,,,0,20,,200,20,,,0,60,,203,20,,,0,20,,202,20,,,0,20,,204,20,,,0,63,,209,20,,,0
10601,'Semaine-05',1531,,1121,20,,,0,20,,1116,20,,,0,60,,1117,20,,,0,20,,1118,20,,,0,20,,1119,20,,,0,60,,1112,20,,,0,20,,1110,20,,,0,20,,1111,20,,,0,60,,1114,20,,,0,20,,1113,20,,,0,20,,1115,20,,,0,63,,1120,20,,,0
10800,'Semaine-01',1550,,316,20,,,0,60,,323,20,,,0,30,,318,20,,,0,70,,324,20,,,0,30,,319,20,,,0,60,,317,20,,,0,21,,320,20,,,0,25,,321,20,,,0,69,,322,20,,,0
10800,'Semaine-05',1550,,1157,20,,,0,60,,1164,20,,,0,30,,1159,20,,,0,70,,1165,20,,,0,30,,1160,20,,,0,60,,1158,20,,,0,21,,1161,20,,,0,25,,1162,20,,,0,69,,1163,20,,,0
38500,'Semaine-01',500,,469,20,,,0,39,,470,20,,,0,63,,471,20,,,0,34,,472,20,,,0,64,,473,20,,,0,39,,474,20,,,0
38500,'Semaine-05',500,,1235,20,,,0,39,,1236,20,,,0,63,,1237,20,,,0,34,,1238,20,,,0,64,,1239,20,,,0,39,,1240,20,,,0
48200,'Semaine-01',1611,,815,40,,,1,31,,818,40,,,1,70,,817,40,,,1,30,,813,40,,,1,68,,814,40,,,1,25,,816,40,,,1
48200,'Semaine-05',1611,,1370,40,,,1,31,,1373,40,,,1,70,,1372,40,,,1,30,,1368,40,,,1,68,,1369,40,,,1,25,,1371,40,,,1
68100,'Semaine-01',545,,978,140,,,0,302,,983,240,,,0,772,,975,310,,,0,110,,988,240,,,0,90,,985,240,,,0,94,,974,310,,,0
68100,'Semaine-05',545,,1449,140,,,0,302,,1454,240,,,0,772,,1446,310,,,0,110,,1459,240,,,0,90,,1456,240,,,0,94,,1445,310,,,0
