10601,'Semaine-01',1547,,210,250,,,0,60,,205,250,,,0,20,,206,250,,,0,20,,207,250,,,0,60,,208,250,,,0,20,,201,250,,,0,20,,199,250,,,0,60,,200,250,,,0,20,,203,250,,,0,20,,202,250,,,0,60,,204,250,,,0,22,,209,250,,,0
10601,'Semaine-05',1547,,1121,250,,,0,60,,1116,250,,,0,20,,1117,250,,,0,20,,1118,250,,,0,60,,1119,250,,,0,20,,1112,250,,,0,20,,1110,250,,,0,60,,1111,250,,,0,20,,1114,250,,,0,20,,1113,250,,,0,60,,1115,250,,,0,22,,1120,250,,,0
10700,'Semaine-01',502,,234,190,,,0,27,,230,190,,,0,20,,231,190,,,0,60,,232,190,,,0,20,,233,190,,,0,20,,229,190,,,0,60,,223,190,,,0,20,,224,190,,,0,20,,226,190,,,0,60,,228,190,,,0,20,,227,190,,,0,24,,225,190,,,0
10700,'Semaine-05',502,,1133,190,,,0,27,,1129,190,,,0,20,,1130,190,,,0,60,,1131,190,,,0,20,,1132,190,,,0,20,,1128,190,,,0,60,,1122,190,,,0,20,,1123,190,,,0,20,,1125,190,,,0,60,,1127,190,,,0,20,,1126,190,,,0,24,,1124,190,,,0
10900,'Semaine-01',1148,,342,160,4,,0,200,,343,160,4,,0,169,,344,160,4,,0,135,,345,160,4,,0,149,,346,160,4,,0
10900,'Semaine-05',1148,,1172,160,4,,0,200,,1173,160,4,,0,169,,1174,160,4,,0,135,,1175,160,4,,0,149,,1176,160,4,,0
38301,'Semaine-01',610,,438,210,,,0,100,,439,210,,,0,32,,437,210,,,0,71,,436,210,,,0,28,,440,210,,,0,80,,441,210,,,0,99,,442,210,,,0
38301,'Semaine-05',610,,1220,210,,,0,100,,1221,210,,,0,32,,1219,210,,,0,71,,1218,210,,,0,28,,1222,210,,,0,80,,1223,210,,,0,99,,1224,210,,,0
48801,'Semaine-01',559,,919,190,,,0,60,,920,190,,,0,21,,921,190,,,0,60,,922,190,,,0,20,,917,190,,,0,20,,918,190,,,0,60,,916,190,,,0,20,,915,190,,,0
48801,'Semaine-05',559,,1440,190,,,0,60,,1441,190,,,0,21,,1442,190,,,0,60,,1443,190,,,0,20,,1438,190,,,0,20,,1439,190,,,0,60,,1437,190,,,0,20,,1436,190,,,0
68000,'Fête-1-01',855,,923,230,,,0,166,,924,230,,,0,134,,925,230,,,0,169,,926,230,,,0,130,,927,230,,,0,170,,928,230,,,0,128,,929,230,,,0,167,,930,230,,,0
68000,'Week-end-01',855,,931,230,,,0,166,,932,230,,,0,134,,933,230,,,0,169,,934,230,,,0,130,,935,230,,,0,170,,936,230,,,0,128,,937,230,,,0,167,,938,230,,,0
68100,'Semaine-01',542,,978,110,,,0,198,,977,210,,,0,103,,983,210,,,0,104,,984,210,,,0,112,,973,280,,,0,93,,979,210,,,0,105,,980,280,,,0,95,,981,210,,,0,106,,982,280,,,0,155,,975,280,,,0,109,,988,210,,,0,91,,985,210,,,0,94,,974,280,,,0,44,,989,260,,,0,103,,990,280,,,0,101,,976,260,,,0,100,,986,280,,,0,101,,987,280,,,0
68100,'Semaine-05',542,,1449,110,,,0,198,,1448,210,,,0,103,,1454,210,,,0,104,,1455,210,,,0,112,,1444,280,,,0,93,,1450,210,,,0,105,,1451,280,,,0,95,,1452,210,,,0,106,,1453,280,,,0,155,,1446,280,,,0,109,,1459,210,,,0,91,,1456,210,,,0,94,,1445,280,,,0,44,,1460,260,,,0,103,,1461,280,,,0,101,,1447,260,,,0,100,,1457,280,,,0,101,,1458,280,,,0
68501,'Semaine-01',702,,1042,110,,,0,100,,1043,110,,,0,208,,1044,110,,,0,203,,1041,110,,,0
68501,'Semaine-05',702,,1487,110,,,0,100,,1488,110,,,0,208,,1489,110,,,0,203,,1486,110,,,0
