10900,'Fête-2-01',1144,,337,60,4,,0,200,,338,60,4,,0,169,,339,60,4,,0,135,,340,60,4,,0,109,,341,60,4,,0
10900,'Semaine-01',1144,,342,60,4,,0,200,,343,60,4,,0,169,,344,60,4,,0,135,,345,60,4,,0,109,,346,60,4,,0
38000,'Fête-2-01',604,,357,130,4,,0,100,,358,130,4,,0,131,,359,130,4,,0,80,,355,130,4,,0,200,,356,130,4,,0
38000,'Semaine-01',604,,362,130,4,,0,100,,363,130,4,,0,131,,364,130,4,,0,80,,360,130,4,,0,200,,361,130,4,,0
38101,'Fête-2-01',1252,,386,10,,,0,200,,385,10,,,0,259,,387,10,,,0,98,,388,10,,,0,93,,389,10,,,0
38101,'Semaine-01',1252,,391,10,,,0,200,,390,10,,,0,259,,392,10,,,0,98,,393,10,,,0,93,,394,10,,,0
38200,'Fête-2-01',1252,,395,10,,,0,200,,399,10,,,0,259,,396,10,,,0,98,,397,10,,,0,93,,398,10,,,0
38200,'Semaine-01',1252,,400,10,,,0,200,,404,10,,,0,259,,401,10,,,0,98,,402,10,,,0,93,,403,10,,,0
38300,'Fête-2-01',1252,,417,130,,,0,200,,416,130,,,0,101,,418,130,,,0,158,,419,130,,,0,98,,420,130,,,0,93,,421,130,,,0,44,,415,130,,,0
38300,'Semaine-01',1252,,424,130,,,0,200,,423,130,,,0,101,,425,130,,,0,158,,426,130,,,0,98,,427,130,,,0,93,,428,130,,,0,44,,422,130,,,0
38401,'Fête-2-01',1252,,453,10,,,0,200,,457,10,,,0,259,,454,10,,,0,98,,455,10,,,0,93,,456,10,,,0
38401,'Semaine-01',1252,,458,10,,,0,200,,462,10,,,0,259,,459,10,,,0,98,,460,10,,,0,93,,461,10,,,0
48301,'Fête-2-01',631,,839,10,,,0,92,,840,10,,,0
48301,'Semaine-01',631,,841,10,,,0,92,,842,10,,,0
48400,'Fête-2-01',1704,,843,160,,,0,102,,844,160,,,0
48400,'Semaine-01',1704,,845,160,,,0,102,,846,160,,,0
68000,'Fête-1-01',845,,923,130,,,0,166,,924,130,,,0,135,,925,130,,,0,167,,926,130,,,0,130,,927,130,,,0,170,,928,130,,,0,129,,929,130,,,0,167,,930,130,,,0
68000,'Week-end-01',845,,931,130,,,0,166,,932,130,,,0,135,,933,130,,,0,167,,934,130,,,0,130,,935,130,,,0,170,,936,130,,,0,129,,937,130,,,0,167,,938,130,,,0
68100,'Fête-2-01',535,,960,10,,,0,198,,959,110,,,0,100,,965,110,,,0,106,,966,110,,,0,110,,955,180,,,0,93,,961,110,,,0,105,,962,180,,,0,95,,963,110,,,0,105,,964,180,,,0,154,,957,180,,,0,107,,970,110,,,0,93,,967,110,,,0,56,,956,180,,,0,84,,971,160,,,0,103,,972,180,,,0,102,,958,160,,,0,101,,968,180,,,0,101,,969,180,,,0
68100,'Semaine-01',535,,978,10,,,0,198,,977,110,,,0,100,,983,110,,,0,106,,984,110,,,0,110,,973,180,,,0,93,,979,110,,,0,105,,980,180,,,0,95,,981,110,,,0,105,,982,180,,,0,154,,975,180,,,0,107,,988,110,,,0,93,,985,110,,,0,56,,974,180,,,0,84,,989,160,,,0,103,,990,180,,,0,102,,976,160,,,0,101,,986,180,,,0,101,,987,180,,,0
68501,'Fête-2-01',654,,1037,10,,,0,100,,1038,10,,,0,248,,1039,10,,,0,203,,1036,10,,,0
68501,'Semaine-01',654,,1042,10,,,0,100,,1043,10,,,0,248,,1044,10,,,0,203,,1041,10,,,0
