10500,'Fête-1-01',737,,80,30,,,0,170,,81,30,,,0,130,,82,30,,,0,170,,83,30,,,0,130,,84,30,,,0,170,,85,30,,,0,130,,86,30,,,0,170,,87,30,,,0,130,,88,30,,,0,170,,89,30,,,0,130,,90,30,,,0,170,,91,30,,,0,40,,92,30,,,0
10500,'Fête-2-01',548,,106,30,,,0,70,,107,30,,,0,30,,108,30,,,0,59,,109,30,,,0,40,,110,30,,,0,155,,94,30,,,0,98,,95,30,,,0,108,,96,30,,,0,94,,97,30,,,0,106,,98,30,,,0,94,,99,30,,,0,106,,100,30,,,0,115,,120,30,,,0,18,,115,30,,,0,61,,116,30,,,0,43,,111,30,,,0,57,,112,30,,,0,20,,113,30,,,0,94,,114,30,,,0,86,,101,30,,,0,103,,102,30,,,0,101,,103,30,,,0,99,,104,30,,,0,100,,105,30,,,0,54,,93,30,,,0
10500,'Semaine-01',548,,134,30,,,0,70,,135,30,,,0,30,,136,30,,,0,59,,137,30,,,0,40,,138,30,,,0,155,,122,30,,,0,98,,123,30,,,0,108,,124,30,,,0,94,,125,30,,,0,106,,126,30,,,0,94,,127,30,,,0,106,,128,30,,,0,115,,148,30,,,0,18,,143,30,,,0,61,,144,30,,,0,43,,139,30,,,0,57,,140,30,,,0,20,,141,30,,,0,94,,142,30,,,0,86,,129,30,,,0,103,,130,30,,,0,101,,131,30,,,0,99,,132,30,,,0,100,,133,30,,,0,54,,121,30,,,0
10500,'Week-end-01',737,,150,30,,,0,170,,151,30,,,0,130,,152,30,,,0,170,,153,30,,,0,130,,154,30,,,0,170,,155,30,,,0,130,,156,30,,,0,170,,157,30,,,0,130,,158,30,,,0,170,,159,30,,,0,130,,160,30,,,0,170,,161,30,,,0,40,,162,30,,,0
10800,'Fête-2-01',1551,,307,30,,,0,60,,314,30,,,0,30,,309,30,,,0,70,,315,30,,,0,30,,310,30,,,0,60,,308,30,,,0,21,,311,30,,,0,25,,312,30,,,0,69,,313,30,,,0
10800,'Semaine-01',1551,,316,30,,,0,60,,323,30,,,0,30,,318,30,,,0,70,,324,30,,,0,30,,319,30,,,0,60,,317,30,,,0,21,,320,30,,,0,25,,321,30,,,0,69,,322,30,,,0
38500,'Fête-2-01',502,,463,30,,,0,39,,464,30,,,0,63,,465,30,,,0,34,,466,30,,,0,64,,467,30,,,0,39,,468,30,,,0
38500,'Semaine-01',502,,469,30,,,0,39,,470,30,,,0,63,,471,30,,,0,34,,472,30,,,0,64,,473,30,,,0,39,,474,30,,,0
48200,'Fête-2-01',1619,,809,50,,,1,26,,812,50,,,1,64,,811,50,,,1,37,,807,50,,,1,63,,808,50,,,1,32,,810,50,,,1
48200,'Semaine-01',1612,,815,50,,,1,31,,818,50,,,1,70,,817,50,,,1,30,,813,50,,,1,68,,814,50,,,1,25,,816,50,,,1
68100,'Fête-2-01',545,,960,150,,,0,303,,965,250,,,0,771,,957,320,,,0,110,,970,250,,,0,90,,967,250,,,0,94,,956,320,,,0
68100,'Semaine-01',545,,978,150,,,0,303,,983,250,,,0,771,,975,320,,,0,110,,988,250,,,0,90,,985,250,,,0,94,,974,320,,,0
