10400,'Fête-1-01',605,,1,70,,,1,130,,2,70,,,1,170,,3,70,,,1,130,,4,70,,,1,170,,5,70,,,1,130,,6,70,,,1,170,,7,70,,,1,130,,8,70,,,1,170,,9,70,,,1,130,,10,70,,,1,170,,11,70,,,1,130,,12,70,,,1,170,,13,70,,,1,130,,14,70,,,1
10400,'Fête-2-01',913,,33,70,,,1,30,,20,70,,,1,70,,34,70,,,1,30,,21,70,,,1,70,,35,70,,,1,30,,22,70,,,1,70,,36,70,,,1,30,,23,70,,,1,70,,37,70,,,1,30,,24,70,,,1,70,,38,70,,,1,30,,25,70,,,1,70,,26,70,,,1,425,,39,70,,,1,71,,15,70,,,1,29,,27,70,,,1,70,,16,70,,,1,30,,28,70,,,1,70,,17,70,,,1,30,,29,70,,,1,70,,18,70,,,1,30,,30,70,,,1,70,,19,70,,,1,30,,31,70,,,1,93,,32,70,,,1
10400,'Semaine-01',913,,58,70,,,1,30,,45,70,,,1,70,,59,70,,,1,30,,46,70,,,1,70,,60,70,,,1,30,,47,70,,,1,70,,61,70,,,1,30,,48,70,,,1,70,,62,70,,,1,30,,49,70,,,1,70,,63,70,,,1,30,,50,70,,,1,70,,51,70,,,1,425,,64,70,,,1,71,,40,70,,,1,29,,52,70,,,1,70,,41,70,,,1,30,,53,70,,,1,70,,42,70,,,1,30,,54,70,,,1,70,,43,70,,,1,30,,55,70,,,1,70,,44,70,,,1,30,,56,70,,,1,93,,57,70,,,1
10400,'Week-end-01',605,,65,70,,,1,130,,66,70,,,1,170,,67,70,,,1,130,,68,70,,,1,170,,69,70,,,1,130,,70,70,,,1,170,,71,70,,,1,130,,72,70,,,1,170,,73,70,,,1,130,,74,70,,,1,170,,75,70,,,1,130,,76,70,,,1,170,,77,70,,,1,130,,78,70,,,1
10600,'Fête-2-01',459,,174,70,,,0,60,,170,70,,,0,20,,171,70,,,0,20,,172,70,,,0,60,,167,70,,,0,20,,169,70,,,0,20,,168,70,,,0,60,,165,70,,,0,20,,166,70,,,0,20,,163,70,,,0,60,,164,70,,,0,20,,173,70,,,0
10600,'Semaine-01',459,,186,70,,,0,60,,182,70,,,0,20,,183,70,,,0,20,,184,70,,,0,60,,179,70,,,0,20,,181,70,,,0,20,,180,70,,,0,60,,177,70,,,0,20,,178,70,,,0,20,,175,70,,,0,60,,176,70,,,0,20,,185,70,,,0
10901,'Fête-2-01',604,,347,70,,,0,30,,348,70,,,0,70,,349,70,,,0,25,,350,70,,,0
10901,'Semaine-01',604,,351,70,,,0,30,,352,70,,,0,70,,353,70,,,0,25,,354,70,,,0
38300,'Fête-2-01',1246,,417,70,,,0,200,,416,70,,,0,101,,418,70,,,0,158,,419,70,,,0,98,,420,70,,,0,53,,421,70,,,0,84,,415,70,,,0
38300,'Semaine-01',1246,,424,70,,,0,200,,423,70,,,0,101,,425,70,,,0,158,,426,70,,,0,98,,427,70,,,0,53,,428,70,,,0,84,,422,70,,,0
48800,'Semaine-01',1620,,907,80,,,0,14,,908,80,,,0,68,,909,80,,,0,18,,910,80,,,0,21,,911,80,,,0,60,,912,80,,,0,17,,913,80,,,0,21,,914,80,,,0
48801,'Semaine-01',544,,919,10,,,0,60,,920,10,,,0,20,,921,10,,,0,20,,922,10,,,0,60,,917,10,,,0,20,,918,10,,,0,20,,916,10,,,0,60,,915,10,,,0
68001,'Fête-1-01',724,,946,60,,,0,130,,939,60,,,0,170,,940,60,,,0,130,,941,60,,,0,170,,942,60,,,0,130,,943,60,,,0,170,,944,60,,,0,130,,945,60,,,0
68001,'Week-end-01',724,,954,60,,,0,130,,947,60,,,0,170,,948,60,,,0,130,,949,60,,,0,170,,950,60,,,0,130,,951,60,,,0,170,,952,60,,,0,130,,953,60,,,0
68101,'Fête-2-01',603,,1004,160,,,0,47,,1002,160,,,0,83,,1005,160,,,0,71,,991,60,,,0,29,,1006,160,,,0,79,,994,160,,,0,100,,995,60,,,0,100,,996,60,,,0,106,,997,60,,,0,96,,998,60,,,0,106,,992,60,,,0,93,,993,60,,,0,115,,1008,60,,,0,90,,1009,160,,,0,95,,1001,60,,,0,106,,1003,60,,,0,109,,1007,60,,,0,87,,1000,60,,,0,103,,999,60,,,0
68101,'Semaine-01',603,,1024,160,,,0,47,,1022,160,,,0,55,,1011,60,,,0,28,,1025,160,,,0,71,,1010,60,,,0,29,,1026,160,,,0,79,,1014,160,,,0,100,,1015,60,,,0,100,,1016,60,,,0,106,,1017,60,,,0,96,,1018,60,,,0,106,,1012,60,,,0,93,,1013,60,,,0,115,,1028,60,,,0,90,,1029,160,,,0,95,,1021,60,,,0,106,,1023,60,,,0,109,,1027,60,,,0,87,,1020,60,,,0,103,,1019,60,,,0
68500,'Fête-2-01',1338,,1032,160,,,0,363,,1030,160,,,0,150,,1031,160,,,0
68500,'Semaine-01',1338,,1035,160,,,0,363,,1033,160,,,0,150,,1034,160,,,0
