10400,'Fête-1-01',606,,1,90,,,1,130,,2,90,,,1,170,,3,90,,,1,130,,4,90,,,1,170,,5,90,,,1,130,,6,90,,,1,170,,7,90,,,1,130,,8,90,,,1,170,,9,90,,,1,130,,10,90,,,1,170,,11,90,,,1,130,,12,90,,,1,170,,13,90,,,1,130,,14,90,,,1
10400,'Semaine-01',914,,58,90,,,1,30,,45,90,,,1,70,,59,90,,,1,30,,46,90,,,1,70,,60,90,,,1,30,,47,90,,,1,70,,61,90,,,1,30,,48,90,,,1,70,,62,90,,,1,30,,49,90,,,1,70,,63,90,,,1,30,,50,90,,,1,70,,51,90,,,1,425,,64,90,,,1,71,,40,90,,,1,29,,52,90,,,1,70,,41,90,,,1,30,,53,90,,,1,70,,42,90,,,1,30,,54,90,,,1,70,,43,90,,,1,30,,55,90,,,1,70,,44,90,,,1,30,,56,90,,,1,93,,57,90,,,1
10400,'Week-end-01',606,,65,90,,,1,130,,66,90,,,1,170,,67,90,,,1,130,,68,90,,,1,170,,69,90,,,1,130,,70,90,,,1,170,,71,90,,,1,130,,72,90,,,1,170,,73,90,,,1,130,,74,90,,,1,170,,75,90,,,1,130,,76,90,,,1,170,,77,90,,,1,130,,78,90,,,1
10901,'Semaine-01',605,,351,90,,,0,30,,352,90,,,0,70,,353,90,,,0,25,,354,90,,,0
38300,'Semaine-01',1246,,424,90,,,0,200,,423,90,,,0,101,,425,90,,,0,158,,426,90,,,0,98,,427,90,,,0,53,,428,90,,,0,84,,422,90,,,0
48800,'Semaine-01',1621,,907,100,,,0,11,,908,100,,,0,71,,909,100,,,0,18,,910,100,,,0,24,,911,100,,,0,58,,912,100,,,0,16,,913,100,,,0,22,,914,100,,,0
48801,'Semaine-01',545,,919,30,,,0,60,,920,30,,,0,20,,921,30,,,0,20,,922,30,,,0,60,,917,30,,,0,20,,918,30,,,0,20,,916,30,,,0,60,,915,30,,,0
68001,'Fête-1-01',724,,946,80,,,0,130,,939,80,,,0,170,,940,80,,,0,130,,941,80,,,0,170,,942,80,,,0,130,,943,80,,,0,170,,944,80,,,0,130,,945,80,,,0
68001,'Week-end-01',724,,954,80,,,0,130,,947,80,,,0,170,,948,80,,,0,130,,949,80,,,0,170,,950,80,,,0,130,,951,80,,,0,170,,952,80,,,0,130,,953,80,,,0
68101,'Semaine-01',603,,1024,180,,,0,48,,1022,180,,,0,154,,1010,80,,,0,108,,1014,180,,,0,99,,1015,80,,,0,101,,1016,80,,,0,105,,1017,80,,,0,97,,1018,80,,,0,106,,1012,80,,,0,92,,1013,80,,,0,115,,1028,80,,,0,90,,1029,180,,,0,95,,1021,80,,,0,106,,1023,80,,,0,109,,1027,80,,,0,87,,1020,80,,,0,103,,1019,80,,,0
68500,'Semaine-01',1339,,1035,180,,,0,363,,1033,180,,,0,150,,1034,180,,,0
