10400,'Fête-1-01',616,,1,210,,,1,130,,2,210,,,1,170,,3,210,,,1,130,,4,210,,,1,170,,5,210,,,1,130,,6,210,,,1,170,,7,210,,,1,130,,8,210,,,1,170,,9,210,,,1,130,,10,210,,,1,170,,11,210,,,1,130,,12,210,,,1,170,,13,210,,,1,130,,14,210,,,1
10400,'Fête-2-01',924,,33,210,,,1,30,,20,210,,,1,70,,34,210,,,1,30,,21,210,,,1,70,,35,210,,,1,30,,22,210,,,1,70,,36,210,,,1,30,,23,210,,,1,70,,37,210,,,1,30,,24,210,,,1,70,,38,210,,,1,30,,25,210,,,1,71,,26,210,,,1,424,,39,210,,,1,71,,15,210,,,1,29,,27,210,,,1,70,,16,210,,,1,30,,28,210,,,1,70,,17,210,,,1,30,,29,210,,,1,70,,18,210,,,1,30,,30,210,,,1,70,,19,210,,,1,30,,31,210,,,1,93,,32,210,,,1
10400,'Semaine-01',924,,58,210,,,1,30,,45,210,,,1,70,,59,210,,,1,30,,46,210,,,1,70,,60,210,,,1,30,,47,210,,,1,70,,61,210,,,1,30,,48,210,,,1,70,,62,210,,,1,30,,49,210,,,1,70,,63,210,,,1,30,,50,210,,,1,71,,51,210,,,1,424,,64,210,,,1,71,,40,210,,,1,29,,52,210,,,1,70,,41,210,,,1,30,,53,210,,,1,70,,42,210,,,1,30,,54,210,,,1,70,,43,210,,,1,30,,55,210,,,1,70,,44,210,,,1,30,,56,210,,,1,93,,57,210,,,1
10400,'Week-end-01',616,,65,210,,,1,130,,66,210,,,1,170,,67,210,,,1,130,,68,210,,,1,170,,69,210,,,1,130,,70,210,,,1,170,,71,210,,,1,130,,72,210,,,1,170,,73,210,,,1,130,,74,210,,,1,170,,75,210,,,1,130,,76,210,,,1,170,,77,210,,,1,130,,78,210,,,1
10500,'Fête-1-01',704,,79,470,0,5,0,130,,80,770,0,6,0,170,,81,770,0,6,0,130,,82,770,0,6,0,170,,83,770,0,6,0,130,,84,770,0,6,0,170,,85,770,0,6,0,130,,86,770,0,6,0,170,,87,770,0,6,0,130,,88,770,0,6,0,170,,89,770,0,6,0,130,,90,770,0,6,0,170,,91,770,0,6,0
10500,'Fête-2-01',530,,117,470,0,5,0,75,,118,470,0,5,0,30,,119,470,0,5,0,13,,106,770,0,6,0,70,,107,770,0,6,0,30,,108,770,0,6,0,59,,109,770,0,6,0,40,,110,770,0,6,0,112,,94,770,0,6,0,98,,95,770,0,6,0,148,,96,770,0,6,0,54,,97,770,0,6,0,146,,98,770,0,6,0,54,,99,770,0,6,0,155,,100,770,0,6,0,115,,120,770,0,6,0,18,,115,770,0,6,0,60,,116,770,0,6,0,43,,111,770,0,6,0,54,,112,770,0,6,0,17,,113,770,0,6,0,92,,114,770,0,6,0,46,,101,770,0,6,0,143,,102,770,0,6,0,101,,103,770,0,6,0,99,,104,770,0,6,0
10500,'Semaine-01',530,,145,470,0,5,0,75,,146,470,0,5,0,30,,147,470,0,5,0,13,,134,770,0,6,0,70,,135,770,0,6,0,30,,136,770,0,6,0,59,,137,770,0,6,0,40,,138,770,0,6,0,112,,122,770,0,6,0,98,,123,770,0,6,0,148,,124,770,0,6,0,54,,125,770,0,6,0,146,,126,770,0,6,0,54,,127,770,0,6,0,155,,128,770,0,6,0,115,,148,770,0,6,0,18,,143,770,0,6,0,60,,144,770,0,6,0,43,,139,770,0,6,0,54,,140,770,0,6,0,17,,141,770,0,6,0,92,,142,770,0,6,0,46,,129,770,0,6,0,143,,130,770,0,6,0,101,,131,770,0,6,0,99,,132,770,0,6,0
10500,'Week-end-01',704,,149,470,0,5,0,130,,150,770,0,6,0,170,,151,770,0,6,0,130,,152,770,0,6,0,170,,153,770,0,6,0,130,,154,770,0,6,0,170,,155,770,0,6,0,130,,156,770,0,6,0,170,,157,770,0,6,0,130,,158,770,0,6,0,170,,159,770,0,6,0,130,,160,770,0,6,0,170,,161,770,0,6,0
10600,'Fête-2-01',503,,174,120,,,0,20,,170,120,,,0,20,,171,120,,,0,60,,172,120,,,0,20,,167,120,,,0,20,,169,120,,,0,60,,168,120,,,0,20,,165,120,,,0,20,,166,120,,,0,60,,163,120,,,0,20,,164,120,,,0,20,,173,120,,,0
10600,'Semaine-01',503,,186,120,,,0,20,,182,120,,,0,20,,183,120,,,0,60,,184,120,,,0,20,,179,120,,,0,20,,181,120,,,0,60,,180,120,,,0,20,,177,120,,,0,20,,178,120,,,0,60,,175,120,,,0,20,,176,120,,,0,20,,185,120,,,0
48501,'Semaine-01',544,,869,90,,,0,15,,870,90,,,0,55,,866,90,,,0,15,,864,90,,,0,15,,865,90,,,0,15,,867,90,,,0,55,,868,90,,,0,15,,863,90,,,0,15,,861,90,,,0,70,,862,90,,,0
