10400,'Fête-1-01',609,,1,130,,,1,130,,2,130,,,1,170,,3,130,,,1,130,,4,130,,,1,170,,5,130,,,1,130,,6,130,,,1,170,,7,130,,,1,130,,8,130,,,1,170,,9,130,,,1,130,,10,130,,,1,170,,11,130,,,1,130,,12,130,,,1,170,,13,130,,,1,130,,14,130,,,1
10400,'Semaine-01',917,,58,130,,,1,30,,45,130,,,1,70,,59,130,,,1,30,,46,130,,,1,70,,60,130,,,1,30,,47,130,,,1,70,,61,130,,,1,30,,48,130,,,1,70,,62,130,,,1,30,,49,130,,,1,70,,63,130,,,1,30,,50,130,,,1,71,,51,130,,,1,424,,64,130,,,1,71,,40,130,,,1,29,,52,130,,,1,70,,41,130,,,1,30,,53,130,,,1,70,,42,130,,,1,30,,54,130,,,1,70,,43,130,,,1,30,,55,130,,,1,70,,44,130,,,1,30,,56,130,,,1,93,,57,130,,,1
10400,'Semaine-05',917,,1063,130,,,1,30,,1050,130,,,1,70,,1064,130,,,1,30,,1051,130,,,1,70,,1065,130,,,1,30,,1052,130,,,1,70,,1066,130,,,1,30,,1053,130,,,1,70,,1067,130,,,1,30,,1054,130,,,1,70,,1068,130,,,1,30,,1055,130,,,1,71,,1056,130,,,1,424,,1069,130,,,1,71,,1045,130,,,1,29,,1057,130,,,1,70,,1046,130,,,1,30,,1058,130,,,1,70,,1047,130,,,1,30,,1059,130,,,1,70,,1048,130,,,1,30,,1060,130,,,1,70,,1049,130,,,1,30,,1061,130,,,1,93,,1062,130,,,1
10400,'Week-end-01',609,,65,130,,,1,130,,66,130,,,1,170,,67,130,,,1,130,,68,130,,,1,170,,69,130,,,1,130,,70,130,,,1,170,,71,130,,,1,130,,72,130,,,1,170,,73,130,,,1,130,,74,130,,,1,170,,75,130,,,1,130,,76,130,,,1,170,,77,130,,,1,130,,78,130,,,1
38300,'Semaine-01',1257,,424,160,,,0,200,,423,160,,,0,101,,425,160,,,0,158,,426,160,,,0,98,,427,160,,,0,93,,428,160,,,0,44,,422,160,,,0
38300,'Semaine-05',1257,,1213,160,,,0,200,,1212,160,,,0,101,,1214,160,,,0,158,,1215,160,,,0,98,,1216,160,,,0,93,,1217,160,,,0,44,,1211,160,,,0
48400,'Semaine-01',1709,,845,190,,,0,100,,846,190,,,0
48400,'Semaine-05',1709,,1386,190,,,0,100,,1387,190,,,0
48800,'Semaine-01',1625,,907,140,,,0,14,,908,140,,,0,68,,909,140,,,0,18,,910,140,,,0,21,,911,140,,,0,60,,912,140,,,0,17,,913,140,,,0,21,,914,140,,,0
48800,'Semaine-05',1625,,1428,140,,,0,14,,1429,140,,,0,68,,1430,140,,,0,18,,1431,140,,,0,21,,1432,140,,,0,60,,1433,140,,,0,17,,1434,140,,,0,21,,1435,140,,,0
48801,'Semaine-01',548,,919,70,,,0,60,,920,70,,,0,20,,921,70,,,0,20,,922,70,,,0,61,,917,70,,,0,20,,918,70,,,0,20,,916,70,,,0,60,,915,70,,,0
48801,'Semaine-05',548,,1440,70,,,0,60,,1441,70,,,0,20,,1442,70,,,0,20,,1443,70,,,0,61,,1438,70,,,0,20,,1439,70,,,0,20,,1437,70,,,0,60,,1436,70,,,0
