10400,'Fête-1-01',617,,1,220,,,1,130,,2,220,,,1,170,,3,220,,,1,130,,4,220,,,1,170,,5,220,,,1,130,,6,220,,,1,170,,7,220,,,1,130,,8,220,,,1,170,,9,220,,,1,130,,10,220,,,1,170,,11,220,,,1,130,,12,220,,,1,170,,13,220,,,1,130,,14,220,,,1
10400,'Fête-2-01',925,,33,220,,,1,30,,20,220,,,1,70,,34,220,,,1,30,,21,220,,,1,70,,35,220,,,1,30,,22,220,,,1,70,,36,220,,,1,30,,23,220,,,1,70,,37,220,,,1,30,,24,220,,,1,70,,38,220,,,1,30,,25,220,,,1,71,,26,220,,,1,424,,39,220,,,1,71,,15,220,,,1,29,,27,220,,,1,70,,16,220,,,1,30,,28,220,,,1,70,,17,220,,,1,30,,29,220,,,1,70,,18,220,,,1,30,,30,220,,,1,70,,19,220,,,1,30,,31,220,,,1,93,,32,220,,,1
10400,'Semaine-01',925,,58,220,,,1,30,,45,220,,,1,70,,59,220,,,1,30,,46,220,,,1,70,,60,220,,,1,30,,47,220,,,1,70,,61,220,,,1,30,,48,220,,,1,70,,62,220,,,1,30,,49,220,,,1,70,,63,220,,,1,30,,50,220,,,1,71,,51,220,,,1,424,,64,220,,,1,71,,40,220,,,1,29,,52,220,,,1,70,,41,220,,,1,30,,53,220,,,1,70,,42,220,,,1,30,,54,220,,,1,70,,43,220,,,1,30,,55,220,,,1,70,,44,220,,,1,30,,56,220,,,1,93,,57,220,,,1
10400,'Week-end-01',617,,65,220,,,1,130,,66,220,,,1,170,,67,220,,,1,130,,68,220,,,1,170,,69,220,,,1,130,,70,220,,,1,170,,71,220,,,1,130,,72,220,,,1,170,,73,220,,,1,130,,74,220,,,1,170,,75,220,,,1,130,,76,220,,,1,170,,77,220,,,1,130,,78,220,,,1
10500,'Fête-1-01',704,,79,480,0,5,0,130,,80,780,0,6,0,170,,81,780,0,6,0,130,,82,780,0,6,0,170,,83,780,0,6,0,130,,84,780,0,6,0,170,,85,780,0,6,0,130,,86,780,0,6,0,170,,87,780,0,6,0,130,,88,780,0,6,0,170,,89,780,0,6,0,130,,90,780,0,6,0,170,,91,780,0,6,0
10500,'Fête-2-01',530,,117,480,0,5,0,75,,118,480,0,5,0,30,,119,480,0,5,0,13,,106,780,0,6,0,70,,107,780,0,6,0,30,,108,780,0,6,0,59,,109,780,0,6,0,40,,110,780,0,6,0,112,,94,780,0,6,0,98,,95,780,0,6,0,148,,96,780,0,6,0,54,,97,780,0,6,0,146,,98,780,0,6,0,54,,99,780,0,6,0,155,,100,780,0,6,0,115,,120,780,0,6,0,18,,115,780,0,6,0,60,,116,780,0,6,0,43,,111,780,0,6,0,54,,112,780,0,6,0,17,,113,780,0,6,0,92,,114,780,0,6,0,46,,101,780,0,6,0,143,,102,780,0,6,0,101,,103,780,0,6,0,99,,104,780,0,6,0
10500,'Semaine-01',530,,145,480,0,5,0,75,,146,480,0,5,0,30,,147,480,0,5,0,13,,134,780,0,6,0,70,,135,780,0,6,0,30,,136,780,0,6,0,59,,137,780,0,6,0,40,,138,780,0,6,0,112,,122,780,0,6,0,98,,123,780,0,6,0,148,,124,780,0,6,0,54,,125,780,0,6,0,146,,126,780,0,6,0,54,,127,780,0,6,0,155,,128,780,0,6,0,115,,148,780,0,6,0,18,,143,780,0,6,0,60,,144,780,0,6,0,43,,139,780,0,6,0,54,,140,780,0,6,0,17,,141,780,0,6,0,92,,142,780,0,6,0,46,,129,780,0,6,0,143,,130,780,0,6,0,101,,131,780,0,6,0,99,,132,780,0,6,0
10500,'Week-end-01',704,,149,480,0,5,0,130,,150,780,0,6,0,170,,151,780,0,6,0,130,,152,780,0,6,0,170,,153,780,0,6,0,130,,154,780,0,6,0,170,,155,780,0,6,0,130,,156,780,0,6,0,170,,157,780,0,6,0,130,,158,780,0,6,0,170,,159,780,0,6,0,130,,160,780,0,6,0,170,,161,780,0,6,0
10600,'Fête-2-01',504,,174,130,,,0,20,,170,130,,,0,20,,171,130,,,0,60,,172,130,,,0,20,,167,130,,,0,20,,169,130,,,0,60,,168,130,,,0,20,,165,130,,,0,20,,166,130,,,0,60,,163,130,,,0,20,,164,130,,,0,20,,173,130,,,0
10600,'Semaine-01',504,,186,130,,,0,20,,182,130,,,0,20,,183,130,,,0,60,,184,130,,,0,20,,179,130,,,0,20,,181,130,,,0,60,,180,130,,,0,20,,177,130,,,0,20,,178,130,,,0,60,,175,130,,,0,20,,176,130,,,0,20,,185,130,,,0
10801,'Fête-2-01',545,,326,120,4,,0,75,,327,120,4,,0,32,,328,120,4,,0,58,,329,120,4,,0,40,,325,120,4,,0,65,,330,120,4,,0
10801,'Semaine-01',545,,332,120,4,,0,75,,333,120,4,,0,32,,334,120,4,,0,58,,335,120,4,,0,40,,331,120,4,,0,65,,336,120,4,,0
48501,'Semaine-01',545,,869,100,,,0,55,,870,100,,,0,15,,866,100,,,0,15,,864,100,,,0,15,,865,100,,,0,55,,867,100,,,0,15,,868,100,,,0,15,,863,100,,,0,15,,861,100,,,0,70,,862,100,,,0
