10400,'Fête-1-01',602,,1,30,,,1,130,,2,30,,,1,170,,3,30,,,1,130,,4,30,,,1,170,,5,30,,,1,130,,6,30,,,1,170,,7,30,,,1,130,,8,30,,,1,170,,9,30,,,1,130,,10,30,,,1,170,,11,30,,,1,130,,12,30,,,1,170,,13,30,,,1,130,,14,30,,,1
10400,'Semaine-01',910,,58,30,,,1,30,,45,30,,,1,70,,59,30,,,1,30,,46,30,,,1,70,,60,30,,,1,30,,47,30,,,1,70,,61,30,,,1,30,,48,30,,,1,70,,62,30,,,1,30,,49,30,,,1,70,,63,30,,,1,30,,50,30,,,1,70,,51,30,,,1,425,,64,30,,,1,71,,40,30,,,1,29,,52,30,,,1,70,,41,30,,,1,30,,53,30,,,1,70,,42,30,,,1,30,,54,30,,,1,70,,43,30,,,1,30,,55,30,,,1,70,,44,30,,,1,30,,56,30,,,1,93,,57,30,,,1
10400,'Semaine-05',910,,1063,30,,,1,30,,1050,30,,,1,70,,1064,30,,,1,30,,1051,30,,,1,70,,1065,30,,,1,30,,1052,30,,,1,70,,1066,30,,,1,30,,1053,30,,,1,70,,1067,30,,,1,30,,1054,30,,,1,70,,1068,30,,,1,30,,1055,30,,,1,70,,1056,30,,,1,425,,1069,30,,,1,71,,1045,30,,,1,29,,1057,30,,,1,70,,1046,30,,,1,30,,1058,30,,,1,70,,1047,30,,,1,30,,1059,30,,,1,70,,1048,30,,,1,30,,1060,30,,,1,70,,1049,30,,,1,30,,1061,30,,,1,93,,1062,30,,,1
10400,'Week-end-01',602,,65,30,,,1,130,,66,30,,,1,170,,67,30,,,1,130,,68,30,,,1,170,,69,30,,,1,130,,70,30,,,1,170,,71,30,,,1,130,,72,30,,,1,170,,73,30,,,1,130,,74,30,,,1,170,,75,30,,,1,130,,76,30,,,1,170,,77,30,,,1,130,,78,30,,,1
10600,'Semaine-01',455,,186,30,,,0,60,,182,30,,,0,20,,183,30,,,0,20,,184,30,,,0,60,,179,30,,,0,20,,181,30,,,0,20,,180,30,,,0,60,,177,30,,,0,20,,178,30,,,0,20,,175,30,,,0,60,,176,30,,,0,20,,185,30,,,0
10600,'Semaine-05',455,,1109,30,,,0,60,,1105,30,,,0,20,,1106,30,,,0,20,,1107,30,,,0,60,,1102,30,,,0,20,,1104,30,,,0,20,,1103,30,,,0,60,,1100,30,,,0,20,,1101,30,,,0,20,,1098,30,,,0,60,,1099,30,,,0,20,,1108,30,,,0
10701,'Fête-1-01',531,,247,20,,,0,125,,235,20,,,0,170,,236,20,,,0,130,,237,20,,,0,170,,238,20,,,0,130,,239,20,,,0,170,,240,20,,,0,130,,241,20,,,0,170,,242,20,,,0,130,,243,20,,,0,170,,244,20,,,0,130,,245,20,,,0,170,,246,20,,,0
10701,'Semaine-01',928,,284,20,,,0,100,,285,20,,,0,100,,286,20,,,0,100,,287,20,,,0,100,,281,20,,,0,100,,282,20,,,0,105,,293,20,,,0,20,,271,20,,,0,60,,272,20,,,0,20,,273,20,,,0,20,,274,20,,,0,60,,275,20,,,0,20,,276,20,,,0,20,,277,20,,,0,60,,278,20,,,0,20,,279,20,,,0,20,,280,20,,,0,82,,288,20,,,0,93,,289,20,,,0,100,,290,20,,,0,100,,291,20,,,0,100,,292,20,,,0,100,,283,20,,,0
10701,'Semaine-05',928,,1147,20,,,0,100,,1148,20,,,0,100,,1149,20,,,0,100,,1150,20,,,0,100,,1144,20,,,0,100,,1145,20,,,0,105,,1156,20,,,0,20,,1134,20,,,0,60,,1135,20,,,0,20,,1136,20,,,0,20,,1137,20,,,0,60,,1138,20,,,0,20,,1139,20,,,0,20,,1140,20,,,0,60,,1141,20,,,0,20,,1142,20,,,0,20,,1143,20,,,0,82,,1151,20,,,0,93,,1152,20,,,0,100,,1153,20,,,0,100,,1154,20,,,0,100,,1155,20,,,0,100,,1146,20,,,0
10701,'Week-end-01',531,,306,20,,,0,125,,294,20,,,0,170,,295,20,,,0,130,,296,20,,,0,170,,297,20,,,0,130,,298,20,,,0,170,,299,20,,,0,130,,300,20,,,0,170,,301,20,,,0,130,,302,20,,,0,170,,303,20,,,0,130,,304,20,,,0,170,,305,20,,,0
10901,'Semaine-01',601,,351,30,,,0,30,,352,30,,,0,70,,353,30,,,0,25,,354,30,,,0
10901,'Semaine-05',601,,1177,30,,,0,30,,1178,30,,,0,70,,1179,30,,,0,25,,1180,30,,,0
38300,'Semaine-01',1243,,424,30,,,0,200,,423,30,,,0,101,,425,30,,,0,158,,426,30,,,0,98,,427,30,,,0,53,,428,30,,,0,84,,422,30,,,0
38300,'Semaine-05',1243,,1213,30,,,0,200,,1212,30,,,0,101,,1214,30,,,0,158,,1215,30,,,0,98,,1216,30,,,0,53,,1217,30,,,0,84,,1211,30,,,0
48800,'Semaine-01',1616,,907,40,,,0,14,,908,40,,,0,28,,909,40,,,0,58,,910,40,,,0,22,,911,40,,,0,20,,912,40,,,0,57,,913,40,,,0,21,,914,40,,,0
48800,'Semaine-05',1616,,1428,40,,,0,14,,1429,40,,,0,28,,1430,40,,,0,58,,1431,40,,,0,22,,1432,40,,,0,20,,1433,40,,,0,57,,1434,40,,,0,21,,1435,40,,,0
68001,'Fête-1-01',721,,946,20,,,0,130,,939,20,,,0,170,,940,20,,,0,130,,941,20,,,0,170,,942,20,,,0,130,,943,20,,,0,170,,944,20,,,0,130,,945,20,,,0
68001,'Week-end-01',721,,954,20,,,0,130,,947,20,,,0,170,,948,20,,,0,130,,949,20,,,0,170,,950,20,,,0,130,,951,20,,,0,170,,952,20,,,0,130,,953,20,,,0
68101,'Semaine-01',559,,1024,120,,,0,87,,1022,120,,,0,55,,1011,20,,,0,28,,1025,120,,,0,72,,1010,20,,,0,28,,1026,120,,,0,80,,1014,120,,,0,100,,1015,20,,,0,100,,1016,20,,,0,106,,1017,20,,,0,96,,1018,20,,,0,106,,1012,20,,,0,92,,1013,20,,,0,115,,1028,20,,,0,90,,1029,120,,,0,95,,1021,20,,,0,107,,1023,20,,,0,109,,1027,20,,,0,86,,1020,20,,,0,103,,1019,20,,,0
68101,'Semaine-05',559,,1476,120,,,0,87,,1474,120,,,0,55,,1463,20,,,0,28,,1477,120,,,0,72,,1462,20,,,0,28,,1478,120,,,0,80,,1466,120,,,0,100,,1467,20,,,0,100,,1468,20,,,0,106,,1469,20,,,0,96,,1470,20,,,0,106,,1464,20,,,0,92,,1465,20,,,0,115,,1480,20,,,0,90,,1481,120,,,0,95,,1473,20,,,0,107,,1475,20,,,0,109,,1479,20,,,0,86,,1472,20,,,0,103,,1471,20,,,0
68500,'Semaine-01',1334,,1035,120,,,0,323,,1033,120,,,0,191,,1034,120,,,0
68500,'Semaine-05',1334,,1484,120,,,0,323,,1482,120,,,0,191,,1483,120,,,0
