10900,'Semaine-01',1144,,342,70,4,,0,200,,343,70,4,,0,169,,344,70,4,,0,135,,345,70,4,,0,109,,346,70,4,,0
10900,'Semaine-05',1144,,1172,70,4,,0,200,,1173,70,4,,0,169,,1174,70,4,,0,135,,1175,70,4,,0,109,,1176,70,4,,0
38300,'Semaine-01',1253,,424,140,,,0,200,,423,140,,,0,101,,425,140,,,0,158,,426,140,,,0,98,,427,140,,,0,93,,428,140,,,0,44,,422,140,,,0
38300,'Semaine-05',1253,,1213,140,,,0,200,,1212,140,,,0,101,,1214,140,,,0,158,,1215,140,,,0,98,,1216,140,,,0,93,,1217,140,,,0,44,,1211,140,,,0
48400,'Semaine-01',1705,,845,170,,,0,102,,846,170,,,0
48400,'Semaine-05',1705,,1386,170,,,0,102,,1387,170,,,0
68000,'Fête-1-01',845,,923,140,,,0,166,,924,140,,,0,135,,925,140,,,0,167,,926,140,,,0,130,,927,140,,,0,170,,928,140,,,0,129,,929,140,,,0,167,,930,140,,,0
68000,'Week-end-01',845,,931,140,,,0,166,,932,140,,,0,135,,933,140,,,0,167,,934,140,,,0,130,,935,140,,,0,170,,936,140,,,0,129,,937,140,,,0,167,,938,140,,,0
68100,'Semaine-01',535,,978,20,,,0,198,,977,120,,,0,100,,983,120,,,0,106,,984,120,,,0,110,,973,190,,,0,93,,979,120,,,0,105,,980,190,,,0,95,,981,120,,,0,106,,982,190,,,0,154,,975,190,,,0,107,,988,120,,,0,93,,985,120,,,0,55,,974,190,,,0,84,,989,170,,,0,103,,990,190,,,0,102,,976,170,,,0,101,,986,190,,,0,101,,987,190,,,0
68100,'Semaine-05',535,,1449,20,,,0,198,,1448,120,,,0,100,,1454,120,,,0,106,,1455,120,,,0,110,,1444,190,,,0,93,,1450,120,,,0,105,,1451,190,,,0,95,,1452,120,,,0,106,,1453,190,,,0,154,,1446,190,,,0,107,,1459,120,,,0,93,,1456,120,,,0,55,,1445,190,,,0,84,,1460,170,,,0,103,,1461,190,,,0,102,,1447,170,,,0,101,,1457,190,,,0,101,,1458,190,,,0
68501,'Semaine-01',654,,1042,20,,,0,100,,1043,20,,,0,248,,1044,20,,,0,203,,1041,20,,,0
68501,'Semaine-05',654,,1487,20,,,0,100,,1488,20,,,0,248,,1489,20,,,0,203,,1486,20,,,0
