10601,'Semaine-01',1546,,210,230,,,0,60,,205,230,,,0,20,,206,230,,,0,20,,207,230,,,0,60,,208,230,,,0,20,,201,230,,,0,20,,199,230,,,0,60,,200,230,,,0,20,,203,230,,,0,20,,202,230,,,0,60,,204,230,,,0,22,,209,230,,,0
10601,'Semaine-05',1546,,1121,230,,,0,60,,1116,230,,,0,20,,1117,230,,,0,20,,1118,230,,,0,60,,1119,230,,,0,20,,1112,230,,,0,20,,1110,230,,,0,60,,1111,230,,,0,20,,1114,230,,,0,20,,1113,230,,,0,60,,1115,230,,,0,22,,1120,230,,,0
10700,'Semaine-01',501,,234,170,,,0,27,,230,170,,,0,20,,231,170,,,0,60,,232,170,,,0,20,,233,170,,,0,20,,229,170,,,0,60,,223,170,,,0,20,,224,170,,,0,20,,226,170,,,0,60,,228,170,,,0,20,,227,170,,,0,24,,225,170,,,0
10700,'Semaine-05',501,,1133,170,,,0,27,,1129,170,,,0,20,,1130,170,,,0,60,,1131,170,,,0,20,,1132,170,,,0,20,,1128,170,,,0,60,,1122,170,,,0,20,,1123,170,,,0,20,,1125,170,,,0,60,,1127,170,,,0,20,,1126,170,,,0,24,,1124,170,,,0
10900,'Semaine-01',1147,,342,140,4,,0,200,,343,140,4,,0,169,,344,140,4,,0,135,,345,140,4,,0,149,,346,140,4,,0
10900,'Semaine-05',1147,,1172,140,4,,0,200,,1173,140,4,,0,169,,1174,140,4,,0,135,,1175,140,4,,0,149,,1176,140,4,,0
38301,'Semaine-01',609,,438,190,,,0,100,,439,190,,,0,32,,437,190,,,0,71,,436,190,,,0,28,,440,190,,,0,80,,441,190,,,0,99,,442,190,,,0
38301,'Semaine-05',609,,1220,190,,,0,100,,1221,190,,,0,32,,1219,190,,,0,71,,1218,190,,,0,28,,1222,190,,,0,80,,1223,190,,,0,99,,1224,190,,,0
48801,'Semaine-01',558,,919,170,,,0,60,,920,170,,,0,20,,921,170,,,0,20,,922,170,,,0,60,,917,170,,,0,20,,918,170,,,0,20,,916,170,,,0,60,,915,170,,,0
48801,'Semaine-05',558,,1440,170,,,0,60,,1441,170,,,0,20,,1442,170,,,0,20,,1443,170,,,0,60,,1438,170,,,0,20,,1439,170,,,0,20,,1437,170,,,0,60,,1436,170,,,0
68000,'Fête-1-01',852,,923,210,,,0,166,,924,210,,,0,135,,925,210,,,0,168,,926,210,,,0,130,,927,210,,,0,170,,928,210,,,0,128,,929,210,,,0,167,,930,210,,,0
68000,'Week-end-01',852,,931,210,,,0,166,,932,210,,,0,135,,933,210,,,0,168,,934,210,,,0,130,,935,210,,,0,170,,936,210,,,0,128,,937,210,,,0,167,,938,210,,,0
68100,'Semaine-01',540,,978,90,,,0,198,,977,190,,,0,102,,983,190,,,0,105,,984,190,,,0,111,,973,260,,,0,93,,979,190,,,0,105,,980,260,,,0,95,,981,190,,,0,106,,982,260,,,0,155,,975,260,,,0,108,,988,190,,,0,92,,985,190,,,0,94,,974,260,,,0,44,,989,240,,,0,103,,990,260,,,0,101,,976,240,,,0,101,,986,260,,,0,101,,987,260,,,0
68100,'Semaine-05',540,,1449,90,,,0,198,,1448,190,,,0,102,,1454,190,,,0,105,,1455,190,,,0,111,,1444,260,,,0,93,,1450,190,,,0,105,,1451,260,,,0,95,,1452,190,,,0,106,,1453,260,,,0,155,,1446,260,,,0,108,,1459,190,,,0,92,,1456,190,,,0,94,,1445,260,,,0,44,,1460,240,,,0,103,,1461,260,,,0,101,,1447,240,,,0,101,,1457,260,,,0,101,,1458,260,,,0
68501,'Semaine-01',700,,1042,90,,,0,100,,1043,90,,,0,208,,1044,90,,,0,203,,1041,90,,,0
68501,'Semaine-05',700,,1487,90,,,0,100,,1488,90,,,0,208,,1489,90,,,0,203,,1486,90,,,0
