10400,'Fête-1-01',602,,1,40,,,1,130,,2,40,,,1,170,,3,40,,,1,130,,4,40,,,1,170,,5,40,,,1,130,,6,40,,,1,170,,7,40,,,1,130,,8,40,,,1,170,,9,40,,,1,130,,10,40,,,1,170,,11,40,,,1,130,,12,40,,,1,170,,13,40,,,1,130,,14,40,,,1
10400,'Fête-2-01',910,,33,40,,,1,30,,20,40,,,1,70,,34,40,,,1,30,,21,40,,,1,70,,35,40,,,1,30,,22,40,,,1,70,,36,40,,,1,30,,23,40,,,1,70,,37,40,,,1,30,,24,40,,,1,70,,38,40,,,1,30,,25,40,,,1,70,,26,40,,,1,425,,39,40,,,1,71,,15,40,,,1,29,,27,40,,,1,70,,16,40,,,1,30,,28,40,,,1,70,,17,40,,,1,30,,29,40,,,1,70,,18,40,,,1,30,,30,40,,,1,70,,19,40,,,1,30,,31,40,,,1,93,,32,40,,,1
10400,'Semaine-01',910,,58,40,,,1,30,,45,40,,,1,70,,59,40,,,1,30,,46,40,,,1,70,,60,40,,,1,30,,47,40,,,1,70,,61,40,,,1,30,,48,40,,,1,70,,62,40,,,1,30,,49,40,,,1,70,,63,40,,,1,30,,50,40,,,1,70,,51,40,,,1,425,,64,40,,,1,71,,40,40,,,1,29,,52,40,,,1,70,,41,40,,,1,30,,53,40,,,1,70,,42,40,,,1,30,,54,40,,,1,70,,43,40,,,1,30,,55,40,,,1,70,,44,40,,,1,30,,56,40,,,1,93,,57,40,,,1
10400,'Week-end-01',602,,65,40,,,1,130,,66,40,,,1,170,,67,40,,,1,130,,68,40,,,1,170,,69,40,,,1,130,,70,40,,,1,170,,71,40,,,1,130,,72,40,,,1,170,,73,40,,,1,130,,74,40,,,1,170,,75,40,,,1,130,,76,40,,,1,170,,77,40,,,1,130,,78,40,,,1
10600,'Fête-2-01',456,,174,40,,,0,60,,170,40,,,0,20,,171,40,,,0,20,,172,40,,,0,60,,167,40,,,0,20,,169,40,,,0,20,,168,40,,,0,60,,165,40,,,0,20,,166,40,,,0,20,,163,40,,,0,60,,164,40,,,0,20,,173,40,,,0
10600,'Semaine-01',456,,186,40,,,0,60,,182,40,,,0,20,,183,40,,,0,20,,184,40,,,0,60,,179,40,,,0,20,,181,40,,,0,20,,180,40,,,0,60,,177,40,,,0,20,,178,40,,,0,20,,175,40,,,0,60,,176,40,,,0,20,,185,40,,,0
10701,'Fête-1-01',532,,247,30,,,0,125,,235,30,,,0,170,,236,30,,,0,130,,237,30,,,0,170,,238,30,,,0,130,,239,30,,,0,170,,240,30,,,0,130,,241,30,,,0,170,,242,30,,,0,130,,243,30,,,0,170,,244,30,,,0,130,,245,30,,,0,170,,246,30,,,0
10701,'Fête-2-01',929,,261,30,,,0,100,,262,30,,,0,100,,263,30,,,0,100,,264,30,,,0,100,,258,30,,,0,100,,259,30,,,0,105,,270,30,,,0,20,,248,30,,,0,60,,249,30,,,0,20,,250,30,,,0,20,,251,30,,,0,60,,252,30,,,0,20,,253,30,,,0,20,,254,30,,,0,60,,255,30,,,0,20,,256,30,,,0,20,,257,30,,,0,82,,265,30,,,0,93,,266,30,,,0,100,,267,30,,,0,100,,268,30,,,0,100,,269,30,,,0,100,,260,30,,,0
10701,'Semaine-01',929,,284,30,,,0,100,,285,30,,,0,100,,286,30,,,0,100,,287,30,,,0,100,,281,30,,,0,100,,282,30,,,0,105,,293,30,,,0,20,,271,30,,,0,60,,272,30,,,0,20,,273,30,,,0,20,,274,30,,,0,60,,275,30,,,0,20,,276,30,,,0,20,,277,30,,,0,60,,278,30,,,0,20,,279,30,,,0,20,,280,30,,,0,82,,288,30,,,0,93,,289,30,,,0,100,,290,30,,,0,100,,291,30,,,0,100,,292,30,,,0,100,,283,30,,,0
10701,'Week-end-01',532,,306,30,,,0,125,,294,30,,,0,170,,295,30,,,0,130,,296,30,,,0,170,,297,30,,,0,130,,298,30,,,0,170,,299,30,,,0,130,,300,30,,,0,170,,301,30,,,0,130,,302,30,,,0,170,,303,30,,,0,130,,304,30,,,0,170,,305,30,,,0
10901,'Fête-2-01',602,,347,40,,,0,30,,348,40,,,0,70,,349,40,,,0,25,,350,40,,,0
10901,'Semaine-01',602,,351,40,,,0,30,,352,40,,,0,70,,353,40,,,0,25,,354,40,,,0
38300,'Fête-2-01',1244,,417,40,,,0,200,,416,40,,,0,101,,418,40,,,0,158,,419,40,,,0,98,,420,40,,,0,53,,421,40,,,0,84,,415,40,,,0
38300,'Semaine-01',1244,,424,40,,,0,200,,423,40,,,0,101,,425,40,,,0,158,,426,40,,,0,98,,427,40,,,0,53,,428,40,,,0,84,,422,40,,,0
48800,'Semaine-01',1617,,907,50,,,0,14,,908,50,,,0,28,,909,50,,,0,58,,910,50,,,0,21,,911,50,,,0,20,,912,50,,,0,57,,913,50,,,0,21,,914,50,,,0
68001,'Fête-1-01',722,,946,30,,,0,130,,939,30,,,0,170,,940,30,,,0,130,,941,30,,,0,170,,942,30,,,0,130,,943,30,,,0,170,,944,30,,,0,130,,945,30,,,0
68001,'Week-end-01',722,,954,30,,,0,130,,947,30,,,0,170,,948,30,,,0,130,,949,30,,,0,170,,950,30,,,0,130,,951,30,,,0,170,,952,30,,,0,130,,953,30,,,0
68101,'Fête-2-01',600,,1004,130,,,0,47,,1002,130,,,0,83,,1005,130,,,0,72,,991,30,,,0,28,,1006,130,,,0,80,,994,130,,,0,100,,995,30,,,0,100,,996,30,,,0,106,,997,30,,,0,96,,998,30,,,0,106,,992,30,,,0,92,,993,30,,,0,115,,1008,30,,,0,90,,1009,130,,,0,95,,1001,30,,,0,107,,1003,30,,,0,109,,1007,30,,,0,86,,1000,30,,,0,103,,999,30,,,0
68101,'Semaine-01',600,,1024,130,,,0,47,,1022,130,,,0,55,,1011,30,,,0,28,,1025,130,,,0,72,,1010,30,,,0,28,,1026,130,,,0,80,,1014,130,,,0,100,,1015,30,,,0,100,,1016,30,,,0,106,,1017,30,,,0,96,,1018,30,,,0,106,,1012,30,,,0,92,,1013,30,,,0,115,,1028,30,,,0,90,,1029,130,,,0,95,,1021,30,,,0,107,,1023,30,,,0,109,,1027,30,,,0,86,,1020,30,,,0,103,,1019,30,,,0
68500,'Fête-2-01',1335,,1032,130,,,0,323,,1030,130,,,0,191,,1031,130,,,0
68500,'Semaine-01',1335,,1035,130,,,0,323,,1033,130,,,0,191,,1034,130,,,0
