10500,'Fête-1-01',654,,79,310,0,5,0,170,,80,610,,,0,130,,81,610,,,0,170,,82,610,,,0,130,,83,610,,,0,170,,84,610,,,0,130,,85,610,,,0,170,,86,610,,,0,130,,87,610,,,0,170,,88,610,,,0,130,,89,610,,,0,170,,90,610,,,0,130,,91,610,,,0
10500,'Semaine-01',520,,145,310,0,5,0,35,,146,310,0,5,0,70,,147,310,0,5,0,13,,134,610,,,0,70,,135,610,,,0,30,,136,610,,,0,19,,137,610,,,0,80,,138,610,,,0,112,,122,610,,,0,98,,123,610,,,0,108,,124,610,,,0,94,,125,610,,,0,106,,126,610,,,0,94,,127,610,,,0,152,,128,610,,,0,115,,148,610,,,0,18,,143,610,,,0,20,,144,610,,,0,83,,139,610,,,0,17,,140,610,,,0,57,,141,610,,,0,92,,142,610,,,0,46,,129,610,,,0,103,,130,610,,,0,101,,131,610,,,0,99,,132,610,,,0
10500,'Semaine-05',520,,1094,310,0,5,0,35,,1095,310,0,5,0,70,,1096,310,0,5,0,13,,1083,610,,,0,70,,1084,610,,,0,30,,1085,610,,,0,19,,1086,610,,,0,80,,1087,610,,,0,112,,1071,610,,,0,98,,1072,610,,,0,108,,1073,610,,,0,94,,1074,610,,,0,106,,1075,610,,,0,94,,1076,610,,,0,152,,1077,610,,,0,115,,1097,610,,,0,18,,1092,610,,,0,20,,1093,610,,,0,83,,1088,610,,,0,17,,1089,610,,,0,57,,1090,610,,,0,92,,1091,610,,,0,46,,1078,610,,,0,103,,1079,610,,,0,101,,1080,610,,,0,99,,1081,610,,,0
10500,'Week-end-01',654,,149,310,0,5,0,170,,150,610,,,0,130,,151,610,,,0,170,,152,610,,,0,130,,153,610,,,0,170,,154,610,,,0,130,,155,610,,,0,170,,156,610,,,0,130,,157,610,,,0,170,,158,610,,,0,130,,159,610,,,0,170,,160,610,,,0,130,,161,610,,,0
38600,'Semaine-01',1517,,488,140,4,,0,107,,489,140,4,,0,91,,490,140,4,,0
38600,'Semaine-05',1517,,1246,140,4,,0,107,,1247,140,4,,0,91,,1248,140,4,,0
38601,'Semaine-01',508,,494,10,,,0,100,,495,10,,,0,100,,496,10,,,0
38601,'Semaine-05',508,,1249,10,,,0,100,,1250,10,,,0,100,,1251,10,,,0
48600,'Semaine-01',1621,,873,70,,,0,99,,874,70,,,0
48600,'Semaine-05',1621,,1410,70,,,0,99,,1411,70,,,0
