10400,'Fête-1-01',607,,1,100,,,1,130,,2,100,,,1,170,,3,100,,,1,130,,4,100,,,1,170,,5,100,,,1,130,,6,100,,,1,170,,7,100,,,1,130,,8,100,,,1,170,,9,100,,,1,130,,10,100,,,1,170,,11,100,,,1,130,,12,100,,,1,170,,13,100,,,1,130,,14,100,,,1
10400,'Fête-2-01',915,,33,100,,,1,30,,20,100,,,1,70,,34,100,,,1,30,,21,100,,,1,70,,35,100,,,1,30,,22,100,,,1,70,,36,100,,,1,30,,23,100,,,1,70,,37,100,,,1,30,,24,100,,,1,70,,38,100,,,1,30,,25,100,,,1,70,,26,100,,,1,425,,39,100,,,1,71,,15,100,,,1,29,,27,100,,,1,70,,16,100,,,1,30,,28,100,,,1,70,,17,100,,,1,30,,29,100,,,1,70,,18,100,,,1,30,,30,100,,,1,70,,19,100,,,1,30,,31,100,,,1,93,,32,100,,,1
10400,'Semaine-01',915,,58,100,,,1,30,,45,100,,,1,70,,59,100,,,1,30,,46,100,,,1,70,,60,100,,,1,30,,47,100,,,1,70,,61,100,,,1,30,,48,100,,,1,70,,62,100,,,1,30,,49,100,,,1,70,,63,100,,,1,30,,50,100,,,1,70,,51,100,,,1,425,,64,100,,,1,71,,40,100,,,1,29,,52,100,,,1,70,,41,100,,,1,30,,53,100,,,1,70,,42,100,,,1,30,,54,100,,,1,70,,43,100,,,1,30,,55,100,,,1,70,,44,100,,,1,30,,56,100,,,1,93,,57,100,,,1
10400,'Week-end-01',607,,65,100,,,1,130,,66,100,,,1,170,,67,100,,,1,130,,68,100,,,1,170,,69,100,,,1,130,,70,100,,,1,170,,71,100,,,1,130,,72,100,,,1,170,,73,100,,,1,130,,74,100,,,1,170,,75,100,,,1,130,,76,100,,,1,170,,77,100,,,1,130,,78,100,,,1
10901,'Fête-2-01',606,,347,100,,,0,30,,348,100,,,0,70,,349,100,,,0,25,,350,100,,,0
10901,'Semaine-01',606,,351,100,,,0,30,,352,100,,,0,70,,353,100,,,0,25,,354,100,,,0
38300,'Fête-2-01',1247,,417,100,,,0,200,,416,100,,,0,101,,418,100,,,0,158,,419,100,,,0,98,,420,100,,,0,53,,421,100,,,0,84,,415,100,,,0
38300,'Semaine-01',1247,,424,100,,,0,200,,423,100,,,0,101,,425,100,,,0,158,,426,100,,,0,98,,427,100,,,0,53,,428,100,,,0,84,,422,100,,,0
48800,'Semaine-01',1623,,907,110,,,0,14,,908,110,,,0,68,,909,110,,,0,18,,910,110,,,0,21,,911,110,,,0,60,,912,110,,,0,17,,913,110,,,0,21,,914,110,,,0
48801,'Semaine-01',546,,919,40,,,0,60,,920,40,,,0,20,,921,40,,,0,20,,922,40,,,0,61,,917,40,,,0,20,,918,40,,,0,20,,916,40,,,0,60,,915,40,,,0
68001,'Fête-1-01',725,,946,90,,,0,130,,939,90,,,0,170,,940,90,,,0,130,,941,90,,,0,170,,942,90,,,0,130,,943,90,,,0,170,,944,90,,,0,130,,945,90,,,0
68001,'Week-end-01',725,,954,90,,,0,130,,947,90,,,0,170,,948,90,,,0,130,,949,90,,,0,170,,950,90,,,0,130,,951,90,,,0,170,,952,90,,,0,130,,953,90,,,0
68101,'Fête-2-01',604,,1004,190,,,0,48,,1002,190,,,0,83,,1005,190,,,0,71,,991,90,,,0,28,,1006,190,,,0,80,,994,190,,,0,99,,995,90,,,0,101,,996,90,,,0,105,,997,90,,,0,97,,998,90,,,0,106,,992,90,,,0,92,,993,90,,,0,115,,1008,90,,,0,90,,1009,190,,,0,95,,1001,90,,,0,106,,1003,90,,,0,109,,1007,90,,,0,87,,1000,90,,,0,103,,999,90,,,0
68101,'Semaine-01',604,,1024,190,,,0,48,,1022,190,,,0,55,,1011,90,,,0,28,,1025,190,,,0,71,,1010,90,,,0,28,,1026,190,,,0,80,,1014,190,,,0,99,,1015,90,,,0,101,,1016,90,,,0,105,,1017,90,,,0,97,,1018,90,,,0,106,,1012,90,,,0,92,,1013,90,,,0,115,,1028,90,,,0,90,,1029,190,,,0,95,,1021,90,,,0,106,,1023,90,,,0,109,,1027,90,,,0,87,,1020,90,,,0,103,,1019,90,,,0
68500,'Fête-2-01',1340,,1032,190,,,0,363,,1030,190,,,0,150,,1031,190,,,0
68500,'Semaine-01',1340,,1035,190,,,0,363,,1033,190,,,0,150,,1034,190,,,0
