10400,'Fête-1-01',605,,1,80,,,1,130,,2,80,,,1,170,,3,80,,,1,130,,4,80,,,1,170,,5,80,,,1,130,,6,80,,,1,170,,7,80,,,1,130,,8,80,,,1,170,,9,80,,,1,130,,10,80,,,1,170,,11,80,,,1,130,,12,80,,,1,170,,13,80,,,1,130,,14,80,,,1
10400,'Semaine-01',913,,58,80,,,1,30,,45,80,,,1,70,,59,80,,,1,30,,46,80,,,1,70,,60,80,,,1,30,,47,80,,,1,70,,61,80,,,1,30,,48,80,,,1,70,,62,80,,,1,30,,49,80,,,1,70,,63,80,,,1,30,,50,80,,,1,70,,51,80,,,1,425,,64,80,,,1,71,,40,80,,,1,29,,52,80,,,1,70,,41,80,,,1,30,,53,80,,,1,70,,42,80,,,1,30,,54,80,,,1,70,,43,80,,,1,30,,55,80,,,1,70,,44,80,,,1,30,,56,80,,,1,93,,57,80,,,1
10400,'Semaine-05',913,,1063,80,,,1,30,,1050,80,,,1,70,,1064,80,,,1,30,,1051,80,,,1,70,,1065,80,,,1,30,,1052,80,,,1,70,,1066,80,,,1,30,,1053,80,,,1,70,,1067,80,,,1,30,,1054,80,,,1,70,,1068,80,,,1,30,,1055,80,,,1,70,,1056,80,,,1,425,,1069,80,,,1,71,,1045,80,,,1,29,,1057,80,,,1,70,,1046,80,,,1,30,,1058,80,,,1,70,,1047,80,,,1,30,,1059,80,,,1,70,,1048,80,,,1,30,,1060,80,,,1,70,,1049,80,,,1,30,,1061,80,,,1,93,,1062,80,,,1
10400,'Week-end-01',605,,65,80,,,1,130,,66,80,,,1,170,,67,80,,,1,130,,68,80,,,1,170,,69,80,,,1,130,,70,80,,,1,170,,71,80,,,1,130,,72,80,,,1,170,,73,80,,,1,130,,74,80,,,1,170,,75,80,,,1,130,,76,80,,,1,170,,77,80,,,1,130,,78,80,,,1
10901,'Semaine-01',604,,351,80,,,0,30,,352,80,,,0,70,,353,80,,,0,25,,354,80,,,0
10901,'Semaine-05',604,,1177,80,,,0,30,,1178,80,,,0,70,,1179,80,,,0,25,,1180,80,,,0
38300,'Semaine-01',1246,,424,80,,,0,200,,423,80,,,0,101,,425,80,,,0,158,,426,80,,,0,98,,427,80,,,0,53,,428,80,,,0,84,,422,80,,,0
38300,'Semaine-05',1246,,1213,80,,,0,200,,1212,80,,,0,101,,1214,80,,,0,158,,1215,80,,,0,98,,1216,80,,,0,53,,1217,80,,,0,84,,1211,80,,,0
48800,'Semaine-01',1620,,907,90,,,0,14,,908,90,,,0,68,,909,90,,,0,18,,910,90,,,0,21,,911,90,,,0,60,,912,90,,,0,17,,913,90,,,0,21,,914,90,,,0
48800,'Semaine-05',1620,,1428,90,,,0,14,,1429,90,,,0,68,,1430,90,,,0,18,,1431,90,,,0,21,,1432,90,,,0,60,,1433,90,,,0,17,,1434,90,,,0,21,,1435,90,,,0
48801,'Semaine-01',544,,919,20,,,0,60,,920,20,,,0,20,,921,20,,,0,20,,922,20,,,0,60,,917,20,,,0,20,,918,20,,,0,20,,916,20,,,0,60,,915,20,,,0
48801,'Semaine-05',544,,1440,20,,,0,60,,1441,20,,,0,20,,1442,20,,,0,20,,1443,20,,,0,60,,1438,20,,,0,20,,1439,20,,,0,20,,1437,20,,,0,60,,1436,20,,,0
68001,'Fête-1-01',724,,946,70,,,0,130,,939,70,,,0,170,,940,70,,,0,130,,941,70,,,0,170,,942,70,,,0,130,,943,70,,,0,170,,944,70,,,0,130,,945,70,,,0
68001,'Week-end-01',724,,954,70,,,0,130,,947,70,,,0,170,,948,70,,,0,130,,949,70,,,0,170,,950,70,,,0,130,,951,70,,,0,170,,952,70,,,0,130,,953,70,,,0
68101,'Semaine-01',603,,1024,170,,,0,47,,1022,170,,,0,55,,1011,70,,,0,28,,1025,170,,,0,71,,1010,70,,,0,29,,1026,170,,,0,79,,1014,170,,,0,100,,1015,70,,,0,100,,1016,70,,,0,106,,1017,70,,,0,96,,1018,70,,,0,106,,1012,70,,,0,93,,1013,70,,,0,115,,1028,70,,,0,90,,1029,170,,,0,95,,1021,70,,,0,106,,1023,70,,,0,109,,1027,70,,,0,87,,1020,70,,,0,103,,1019,70,,,0
68101,'Semaine-05',603,,1476,170,,,0,47,,1474,170,,,0,55,,1463,70,,,0,28,,1477,170,,,0,71,,1462,70,,,0,29,,1478,170,,,0,79,,1466,170,,,0,100,,1467,70,,,0,100,,1468,70,,,0,106,,1469,70,,,0,96,,1470,70,,,0,106,,1464,70,,,0,93,,1465,70,,,0,115,,1480,70,,,0,90,,1481,170,,,0,95,,1473,70,,,0,106,,1475,70,,,0,109,,1479,70,,,0,87,,1472,70,,,0,103,,1471,70,,,0
68500,'Semaine-01',1338,,1035,170,,,0,363,,1033,170,,,0,150,,1034,170,,,0
68500,'Semaine-05',1338,,1484,170,,,0,363,,1482,170,,,0,150,,1483,170,,,0
