10400,'Fête-1-01',611,,1,150,,,1,130,,2,150,,,1,170,,3,150,,,1,130,,4,150,,,1,170,,5,150,,,1,130,,6,150,,,1,170,,7,150,,,1,130,,8,150,,,1,170,,9,150,,,1,130,,10,150,,,1,170,,11,150,,,1,130,,12,150,,,1,170,,13,150,,,1,130,,14,150,,,1
10400,'Fête-2-01',919,,33,150,,,1,30,,20,150,,,1,70,,34,150,,,1,30,,21,150,,,1,70,,35,150,,,1,30,,22,150,,,1,70,,36,150,,,1,30,,23,150,,,1,70,,37,150,,,1,30,,24,150,,,1,70,,38,150,,,1,30,,25,150,,,1,71,,26,150,,,1,424,,39,150,,,1,71,,15,150,,,1,29,,27,150,,,1,70,,16,150,,,1,30,,28,150,,,1,70,,17,150,,,1,30,,29,150,,,1,70,,18,150,,,1,30,,30,150,,,1,70,,19,150,,,1,30,,31,150,,,1,93,,32,150,,,1
10400,'Semaine-01',919,,58,150,,,1,30,,45,150,,,1,70,,59,150,,,1,30,,46,150,,,1,70,,60,150,,,1,30,,47,150,,,1,70,,61,150,,,1,30,,48,150,,,1,70,,62,150,,,1,30,,49,150,,,1,70,,63,150,,,1,30,,50,150,,,1,71,,51,150,,,1,424,,64,150,,,1,71,,40,150,,,1,29,,52,150,,,1,70,,41,150,,,1,30,,53,150,,,1,70,,42,150,,,1,30,,54,150,,,1,70,,43,150,,,1,30,,55,150,,,1,70,,44,150,,,1,30,,56,150,,,1,93,,57,150,,,1
10400,'Week-end-01',611,,65,150,,,1,130,,66,150,,,1,170,,67,150,,,1,130,,68,150,,,1,170,,69,150,,,1,130,,70,150,,,1,170,,71,150,,,1,130,,72,150,,,1,170,,73,150,,,1,130,,74,150,,,1,170,,75,150,,,1,130,,76,150,,,1,170,,77,150,,,1,130,,78,150,,,1
38300,'Fête-2-01',1259,,417,180,,,0,200,,416,180,,,0,141,,418,180,,,0,118,,419,180,,,0,98,,420,180,,,0,93,,421,180,,,0,44,,415,180,,,0
38300,'Semaine-01',1259,,424,180,,,0,200,,423,180,,,0,141,,425,180,,,0,118,,426,180,,,0,98,,427,180,,,0,93,,428,180,,,0,44,,422,180,,,0
48400,'Fête-2-01',1711,,843,210,,,0,100,,844,210,,,0
48400,'Semaine-01',1711,,845,210,,,0,100,,846,210,,,0
48800,'Semaine-01',1627,,907,160,,,0,14,,908,160,,,0,68,,909,160,,,0,18,,910,160,,,0,20,,911,160,,,0,60,,912,160,,,0,17,,913,160,,,0,21,,914,160,,,0
48801,'Semaine-01',550,,919,90,,,0,60,,920,90,,,0,20,,921,90,,,0,20,,922,90,,,0,61,,917,90,,,0,20,,918,90,,,0,20,,916,90,,,0,60,,915,90,,,0
