10601,'Fête-2-01',1545,,198,220,,,0,60,,193,220,,,0,20,,194,220,,,0,20,,195,220,,,0,60,,196,220,,,0,20,,189,220,,,0,20,,187,220,,,0,60,,188,220,,,0,20,,191,220,,,0,20,,190,220,,,0,60,,192,220,,,0,22,,197,220,,,0
10601,'Semaine-01',1545,,210,220,,,0,60,,205,220,,,0,20,,206,220,,,0,20,,207,220,,,0,60,,208,220,,,0,20,,201,220,,,0,20,,199,220,,,0,60,,200,220,,,0,20,,203,220,,,0,20,,202,220,,,0,60,,204,220,,,0,22,,209,220,,,0
10700,'Fête-2-01',500,,222,160,,,0,27,,218,160,,,0,20,,219,160,,,0,60,,220,160,,,0,20,,221,160,,,0,20,,217,160,,,0,60,,211,160,,,0,20,,212,160,,,0,20,,214,160,,,0,60,,216,160,,,0,20,,215,160,,,0,24,,213,160,,,0
10700,'Semaine-01',500,,234,160,,,0,27,,230,160,,,0,20,,231,160,,,0,60,,232,160,,,0,20,,233,160,,,0,20,,229,160,,,0,60,,223,160,,,0,20,,224,160,,,0,20,,226,160,,,0,60,,228,160,,,0,20,,227,160,,,0,24,,225,160,,,0
10900,'Fête-2-01',1147,,337,130,4,,0,200,,338,130,4,,0,169,,339,130,4,,0,135,,340,130,4,,0,149,,341,130,4,,0
10900,'Semaine-01',1147,,342,130,4,,0,200,,343,130,4,,0,169,,344,130,4,,0,135,,345,130,4,,0,149,,346,130,4,,0
38301,'Fête-2-01',609,,431,180,,,0,100,,432,180,,,0,32,,430,180,,,0,71,,429,180,,,0,28,,433,180,,,0,80,,434,180,,,0,99,,435,180,,,0
38301,'Semaine-01',609,,438,180,,,0,100,,439,180,,,0,32,,437,180,,,0,71,,436,180,,,0,28,,440,180,,,0,80,,441,180,,,0,99,,442,180,,,0
48801,'Semaine-01',557,,919,160,,,0,60,,920,160,,,0,20,,921,160,,,0,20,,922,160,,,0,60,,917,160,,,0,20,,918,160,,,0,20,,916,160,,,0,60,,915,160,,,0
68000,'Fête-1-01',850,,923,200,,,0,166,,924,200,,,0,136,,925,200,,,0,167,,926,200,,,0,130,,927,200,,,0,170,,928,200,,,0,128,,929,200,,,0,167,,930,200,,,0
68000,'Week-end-01',850,,931,200,,,0,166,,932,200,,,0,136,,933,200,,,0,167,,934,200,,,0,130,,935,200,,,0,170,,936,200,,,0,128,,937,200,,,0,167,,938,200,,,0
68100,'Fête-2-01',539,,960,80,,,0,198,,959,180,,,0,102,,965,180,,,0,105,,966,180,,,0,111,,955,250,,,0,93,,961,180,,,0,105,,962,250,,,0,95,,963,180,,,0,106,,964,250,,,0,155,,957,250,,,0,108,,970,180,,,0,91,,967,180,,,0,95,,956,250,,,0,44,,971,230,,,0,103,,972,250,,,0,101,,958,230,,,0,101,,968,250,,,0,101,,969,250,,,0
68100,'Semaine-01',539,,978,80,,,0,198,,977,180,,,0,102,,983,180,,,0,105,,984,180,,,0,111,,973,250,,,0,93,,979,180,,,0,105,,980,250,,,0,95,,981,180,,,0,106,,982,250,,,0,155,,975,250,,,0,108,,988,180,,,0,91,,985,180,,,0,95,,974,250,,,0,44,,989,230,,,0,103,,990,250,,,0,101,,976,230,,,0,101,,986,250,,,0,101,,987,250,,,0
68501,'Fête-2-01',700,,1037,80,,,0,100,,1038,80,,,0,208,,1039,80,,,0,203,,1036,80,,,0
68501,'Semaine-01',700,,1042,80,,,0,100,,1043,80,,,0,208,,1044,80,,,0,203,,1041,80,,,0
