10901,'Semaine-01',608,,351,130,,,0,30,,352,130,,,0,70,,353,130,,,0,25,,354,130,,,0
38001,'Semaine-01',1252,,370,10,,,0,200,,371,10,,,0,259,,372,10,,,0,98,,373,10,,,0,93,,374,10,,,0
38100,'Semaine-01',604,,380,60,4,,0,100,,381,60,4,,0,131,,382,60,4,,0,80,,383,60,4,,0,200,,384,60,4,,0
38201,'Semaine-01',604,,410,90,4,,0,100,,411,90,4,,0,131,,412,90,4,,0,80,,413,90,4,,0,200,,414,90,4,,0
38301,'Semaine-01',604,,438,120,,,0,100,,439,120,,,0,32,,437,120,,,0,71,,436,120,,,0,28,,440,120,,,0,80,,441,120,,,0,99,,442,120,,,0
38400,'Semaine-01',604,,448,170,4,,0,100,,449,170,4,,0,131,,450,170,4,,0,80,,451,170,4,,0,200,,452,170,4,,0
48300,'Semaine-01',1720,,838,190,4,,0,102,,837,190,4,,0
48401,'Semaine-01',604,,849,60,,,0,107,,850,60,,,0
68001,'Fête-1-01',728,,946,120,,,0,130,,939,120,,,0,170,,940,120,,,0,130,,941,120,,,0,170,,942,120,,,0,130,,943,120,,,0,170,,944,120,,,0,130,,945,120,,,0
68001,'Week-end-01',728,,954,120,,,0,130,,947,120,,,0,170,,948,120,,,0,130,,949,120,,,0,170,,950,120,,,0,130,,951,120,,,0,170,,952,120,,,0,130,,953,120,,,0
68101,'Semaine-01',608,,1024,220,,,0,48,,1022,220,,,0,154,,1010,120,,,0,108,,1014,220,,,0,99,,1015,120,,,0,101,,1016,120,,,0,105,,1017,120,,,0,97,,1018,120,,,0,106,,1012,120,,,0,92,,1013,120,,,0,115,,1028,120,,,0,90,,1029,220,,,0,95,,1021,120,,,0,106,,1023,120,,,0,109,,1027,120,,,0,87,,1020,120,,,0,103,,1019,120,,,0
68500,'Semaine-01',1345,,1035,220,4,,0,364,,1033,220,4,,0,150,,1034,220,4,,0
