10400,'Fête-1-01',608,,1,110,,,1,130,,2,110,,,1,170,,3,110,,,1,130,,4,110,,,1,170,,5,110,,,1,130,,6,110,,,1,170,,7,110,,,1,130,,8,110,,,1,170,,9,110,,,1,130,,10,110,,,1,170,,11,110,,,1,130,,12,110,,,1,170,,13,110,,,1,130,,14,110,,,1
10400,'Fête-2-01',916,,33,110,,,1,30,,20,110,,,1,70,,34,110,,,1,30,,21,110,,,1,70,,35,110,,,1,30,,22,110,,,1,70,,36,110,,,1,30,,23,110,,,1,70,,37,110,,,1,30,,24,110,,,1,70,,38,110,,,1,30,,25,110,,,1,71,,26,110,,,1,424,,39,110,,,1,71,,15,110,,,1,29,,27,110,,,1,70,,16,110,,,1,30,,28,110,,,1,70,,17,110,,,1,30,,29,110,,,1,70,,18,110,,,1,30,,30,110,,,1,70,,19,110,,,1,30,,31,110,,,1,93,,32,110,,,1
10400,'Semaine-01',916,,58,110,,,1,30,,45,110,,,1,70,,59,110,,,1,30,,46,110,,,1,70,,60,110,,,1,30,,47,110,,,1,70,,61,110,,,1,30,,48,110,,,1,70,,62,110,,,1,30,,49,110,,,1,70,,63,110,,,1,30,,50,110,,,1,71,,51,110,,,1,424,,64,110,,,1,71,,40,110,,,1,29,,52,110,,,1,70,,41,110,,,1,30,,53,110,,,1,70,,42,110,,,1,30,,54,110,,,1,70,,43,110,,,1,30,,55,110,,,1,70,,44,110,,,1,30,,56,110,,,1,93,,57,110,,,1
10400,'Week-end-01',608,,65,110,,,1,130,,66,110,,,1,170,,67,110,,,1,130,,68,110,,,1,170,,69,110,,,1,130,,70,110,,,1,170,,71,110,,,1,130,,72,110,,,1,170,,73,110,,,1,130,,74,110,,,1,170,,75,110,,,1,130,,76,110,,,1,170,,77,110,,,1,130,,78,110,,,1
10901,'Fête-2-01',606,,347,110,,,0,30,,348,110,,,0,70,,349,110,,,0,25,,350,110,,,0
10901,'Semaine-01',606,,351,110,,,0,30,,352,110,,,0,70,,353,110,,,0,25,,354,110,,,0
38300,'Fête-2-01',1248,,417,110,,,0,200,,416,110,,,0,101,,418,110,,,0,158,,419,110,,,0,98,,420,110,,,0,53,,421,110,,,0,84,,415,110,,,0
38300,'Semaine-01',1248,,424,110,,,0,200,,423,110,,,0,101,,425,110,,,0,158,,426,110,,,0,98,,427,110,,,0,53,,428,110,,,0,84,,422,110,,,0
48800,'Semaine-01',1623,,907,120,,,0,14,,908,120,,,0,68,,909,120,,,0,18,,910,120,,,0,21,,911,120,,,0,60,,912,120,,,0,17,,913,120,,,0,21,,914,120,,,0
48801,'Semaine-01',546,,919,50,,,0,60,,920,50,,,0,20,,921,50,,,0,20,,922,50,,,0,61,,917,50,,,0,20,,918,50,,,0,20,,916,50,,,0,60,,915,50,,,0
68001,'Fête-1-01',726,,946,100,,,0,130,,939,100,,,0,170,,940,100,,,0,130,,941,100,,,0,170,,942,100,,,0,130,,943,100,,,0,170,,944,100,,,0,130,,945,100,,,0
68001,'Week-end-01',726,,954,100,,,0,130,,947,100,,,0,170,,948,100,,,0,130,,949,100,,,0,170,,950,100,,,0,130,,951,100,,,0,170,,952,100,,,0,130,,953,100,,,0
68101,'Fête-2-01',605,,1004,200,,,0,48,,1002,200,,,0,83,,1005,200,,,0,71,,991,100,,,0,28,,1006,200,,,0,80,,994,200,,,0,99,,995,100,,,0,101,,996,100,,,0,105,,997,100,,,0,97,,998,100,,,0,106,,992,100,,,0,92,,993,100,,,0,115,,1008,100,,,0,90,,1009,200,,,0,95,,1001,100,,,0,106,,1003,100,,,0,109,,1007,100,,,0,87,,1000,100,,,0,103,,999,100,,,0
68101,'Semaine-01',605,,1024,200,,,0,48,,1022,200,,,0,55,,1011,100,,,0,28,,1025,200,,,0,71,,1010,100,,,0,28,,1026,200,,,0,80,,1014,200,,,0,99,,1015,100,,,0,101,,1016,100,,,0,105,,1017,100,,,0,97,,1018,100,,,0,106,,1012,100,,,0,92,,1013,100,,,0,115,,1028,100,,,0,90,,1029,200,,,0,95,,1021,100,,,0,106,,1023,100,,,0,109,,1027,100,,,0,87,,1020,100,,,0,103,,1019,100,,,0
68500,'Fête-2-01',1341,,1032,200,,,0,364,,1030,200,,,0,150,,1031,200,,,0
68500,'Semaine-01',1341,,1035,200,,,0,364,,1033,200,,,0,150,,1034,200,,,0
