48100,'Fête-1-01',640,,497,30,4,,1,85,,498,30,4,,1,85,,499,30,4,,1,45,,500,30,4,,1,85,,501,30,4,,1,85,,502,30,4,,1,85,,503,30,4,,1,45,,504,30,4,,1,85,,505,30,4,,1,85,,506,30,4,,1,85,,508,30,4,,1,45,,507,30,4,,1,85,,509,30,4,,1,85,,510,30,4,,1,85,,511,30,4,,1,45,,512,30,4,,1,85,,513,30,4,,1,85,,514,30,4,,1,85,,515,30,4,,1,45,,516,30,4,,1,85,,517,30,4,,1,85,,518,30,4,,1,85,,519,30,4,,1,45,,520,30,4,,1,85,,521,30,4,,1,85,,522,30,4,,1
48100,'Semaine-01',542,,569,30,4,,1,15,,574,30,4,,1,55,,579,30,4,,1,19,,570,30,4,,1,11,,575,30,4,,1,9,,580,30,4,,1,60,,571,30,4,,1,11,,576,30,4,,1,12,,581,30,4,,1,16,,572,30,4,,1,52,,577,30,4,,1,9,,582,30,4,,1,20,,573,30,4,,1,11,,578,30,4,,1,15,,583,30,4,,1,67,,597,30,4,,1,30,,587,30,4,,1,70,,598,30,4,,1,30,,588,30,4,,1,70,,599,30,4,,1,30,,589,30,4,,1,70,,600,30,4,,1,30,,590,30,4,,1,70,,601,30,4,,1,30,,591,30,4,,1,70,,602,30,4,,1,30,,586,30,4,,1,70,,603,30,4,,1,22,,613,30,4,,1,55,,614,30,4,,1,15,,624,30,4,,1,10,,625,30,4,,1,10,,626,30,4,,1,10,,627,30,4,,1,10,,628,30,4,,1,50,,612,30,4,,1,10,,611,30,4,,1,10,,619,30,4,,1,10,,615,30,4,,1,10,,616,30,4,,1,10,,617,30,4,,1,50,,618,30,4,,1,10,,620,30,4,,1,10,,621,30,4,,1,15,,622,30,4,,1,59,,623,30,4,,1,10,,610,30,4,,1,20,,596,30,4,,1,24,,604,30,4,,1,70,,592,30,4,,1,30,,605,30,4,,1,70,,593,30,4,,1,30,,606,30,4,,1,70,,594,30,4,,1,30,,607,30,4,,1,70,,595,30,4,,1,30,,608,30,4,,1,70,,585,30,4,,1,30,,609,30,4,,1,70,,584,30,4,,1
48100,'Semaine-05',542,,1252,30,4,,1,15,,1257,30,4,,1,55,,1262,30,4,,1,19,,1253,30,4,,1,11,,1258,30,4,,1,9,,1263,30,4,,1,60,,1254,30,4,,1,11,,1259,30,4,,1,12,,1264,30,4,,1,16,,1255,30,4,,1,52,,1260,30,4,,1,9,,1265,30,4,,1,20,,1256,30,4,,1,11,,1261,30,4,,1,15,,1266,30,4,,1,67,,1280,30,4,,1,30,,1270,30,4,,1,70,,1281,30,4,,1,30,,1271,30,4,,1,70,,1282,30,4,,1,30,,1272,30,4,,1,70,,1283,30,4,,1,30,,1273,30,4,,1,70,,1284,30,4,,1,30,,1274,30,4,,1,70,,1285,30,4,,1,30,,1269,30,4,,1,70,,1286,30,4,,1,22,,1296,30,4,,1,55,,1297,30,4,,1,15,,1307,30,4,,1,10,,1308,30,4,,1,10,,1309,30,4,,1,10,,1310,30,4,,1,10,,1311,30,4,,1,50,,1295,30,4,,1,10,,1294,30,4,,1,10,,1302,30,4,,1,10,,1298,30,4,,1,10,,1299,30,4,,1,10,,1300,30,4,,1,50,,1301,30,4,,1,10,,1303,30,4,,1,10,,1304,30,4,,1,15,,1305,30,4,,1,59,,1306,30,4,,1,10,,1293,30,4,,1,20,,1279,30,4,,1,24,,1287,30,4,,1,70,,1275,30,4,,1,30,,1288,30,4,,1,70,,1276,30,4,,1,30,,1289,30,4,,1,70,,1277,30,4,,1,30,,1290,30,4,,1,70,,1278,30,4,,1,30,,1291,30,4,,1,70,,1268,30,4,,1,30,,1292,30,4,,1,70,,1267,30,4,,1
48100,'Week-end-01',640,,629,30,4,,1,85,,630,30,4,,1,85,,631,30,4,,1,45,,632,30,4,,1,85,,633,30,4,,1,85,,634,30,4,,1,85,,635,30,4,,1,45,,636,30,4,,1,85,,637,30,4,,1,85,,638,30,4,,1,85,,640,30,4,,1,45,,639,30,4,,1,85,,641,30,4,,1,85,,642,30,4,,1,85,,643,30,4,,1,45,,644,30,4,,1,85,,645,30,4,,1,85,,646,30,4,,1,85,,647,30,4,,1,45,,648,30,4,,1,85,,649,30,4,,1,85,,650,30,4,,1,85,,651,30,4,,1,45,,652,30,4,,1,85,,653,30,4,,1,85,,654,30,4,,1
48101,'Fête-1-01',550,,655,10,,,1,85,,656,10,,,1,85,,657,10,,,1,85,,658,10,,,1,45,,659,10,,,1,85,,660,10,,,1,85,,661,10,,,1,85,,662,10,,,1,45,,663,10,,,1,85,,664,10,,,1,85,,666,10,,,1,85,,665,10,,,1,45,,667,10,,,1,85,,668,10,,,1,85,,669,10,,,1,85,,670,10,,,1,45,,671,10,,,1,85,,672,10,,,1,85,,673,10,,,1,85,,674,10,,,1,45,,675,10,,,1,85,,676,10,,,1,85,,677,10,,,1,85,,678,10,,,1,45,,679,10,,,1,85,,680,10,,,1
48101,'Semaine-01',507,,771,10,,,1,15,,764,10,,,1,17,,768,10,,,1,13,,769,10,,,1,55,,776,10,,,1,10,,777,10,,,1,20,,778,10,,,1,10,,779,10,,,1,12,,780,10,,,1,58,,770,10,,,1,10,,767,10,,,1,10,,766,10,,,1,20,,763,10,,,1,50,,772,10,,,1,15,,774,10,,,1,20,,765,10,,,1,65,,773,10,,,1,38,,760,10,,,1,70,,737,10,,,1,30,,761,10,,,1,70,,738,10,,,1,30,,762,10,,,1,73,,739,10,,,1,27,,750,10,,,1,73,,740,10,,,1,27,,751,10,,,1,73,,741,10,,,1,27,,753,10,,,1,72,,752,10,,,1,12,,749,10,,,1,22,,775,10,,,1,55,,728,10,,,1,15,,732,10,,,1,10,,729,10,,,1,10,,736,10,,,1,12,,727,10,,,1,48,,725,10,,,1,12,,731,10,,,1,8,,730,10,,,1,12,,734,10,,,1,18,,726,10,,,1,50,,735,10,,,1,20,,733,10,,,1,32,,748,10,,,1,62,,747,10,,,1,37,,754,10,,,1,63,,742,10,,,1,30,,755,10,,,1,72,,743,10,,,1,28,,756,10,,,1,70,,744,10,,,1,30,,757,10,,,1,70,,745,10,,,1,30,,758,10,,,1,70,,746,10,,,1,30,,759,10,,,1
48101,'Semaine-05',507,,1358,10,,,1,15,,1351,10,,,1,17,,1355,10,,,1,13,,1356,10,,,1,55,,1363,10,,,1,10,,1364,10,,,1,20,,1365,10,,,1,10,,1366,10,,,1,12,,1367,10,,,1,58,,1357,10,,,1,10,,1354,10,,,1,10,,1353,10,,,1,20,,1350,10,,,1,50,,1359,10,,,1,15,,1361,10,,,1,20,,1352,10,,,1,65,,1360,10,,,1,38,,1347,10,,,1,70,,1324,10,,,1,30,,1348,10,,,1,70,,1325,10,,,1,30,,1349,10,,,1,73,,1326,10,,,1,27,,1337,10,,,1,73,,1327,10,,,1,27,,1338,10,,,1,73,,1328,10,,,1,27,,1340,10,,,1,72,,1339,10,,,1,12,,1336,10,,,1,22,,1362,10,,,1,55,,1315,10,,,1,15,,1319,10,,,1,10,,1316,10,,,1,10,,1323,10,,,1,12,,1314,10,,,1,48,,1312,10,,,1,12,,1318,10,,,1,8,,1317,10,,,1,12,,1321,10,,,1,18,,1313,10,,,1,50,,1322,10,,,1,20,,1320,10,,,1,32,,1335,10,,,1,62,,1334,10,,,1,37,,1341,10,,,1,63,,1329,10,,,1,30,,1342,10,,,1,72,,1330,10,,,1,28,,1343,10,,,1,70,,1331,10,,,1,30,,1344,10,,,1,70,,1332,10,,,1,30,,1345,10,,,1,70,,1333,10,,,1,30,,1346,10,,,1
48101,'Week-end-01',550,,781,10,,,1,85,,782,10,,,1,85,,783,10,,,1,85,,784,10,,,1,45,,785,10,,,1,85,,786,10,,,1,85,,787,10,,,1,85,,788,10,,,1,45,,789,10,,,1,85,,790,10,,,1,85,,792,10,,,1,85,,791,10,,,1,45,,793,10,,,1,85,,794,10,,,1,85,,795,10,,,1,85,,796,10,,,1,45,,797,10,,,1,85,,798,10,,,1,85,,799,10,,,1,85,,800,10,,,1,45,,801,10,,,1,85,,802,10,,,1,85,,803,10,,,1,85,,804,10,,,1,45,,805,10,,,1,85,,806,10,,,1
48200,'Semaine-01',1609,,815,30,,,1,31,,818,30,,,1,70,,817,30,,,1,30,,813,30,,,1,68,,814,30,,,1,25,,816,30,,,1
48200,'Semaine-05',1609,,1370,30,,,1,31,,1373,30,,,1,70,,1372,30,,,1,30,,1368,30,,,1,68,,1369,30,,,1,25,,1371,30,,,1
48201,'Semaine-01',629,,828,80,,,1,23,,830,80,,,1,57,,832,80,,,1,38,,833,80,,,1,55,,827,80,,,1,30,,829,80,,,1,20,,831,80,,,1,65,,834,80,,,1
48201,'Semaine-05',629,,1375,80,,,1,23,,1377,80,,,1,57,,1379,80,,,1,38,,1380,80,,,1,55,,1374,80,,,1,30,,1376,80,,,1,20,,1378,80,,,1,65,,1381,80,,,1
