48300,'Fête-2-01',1645,,836,10,,,0,110,,835,10,,,0
48300,'Semaine-01',1645,,838,10,,,0,110,,837,10,,,0
48301,'Fête-2-01',701,,839,190,4,,0,52,,840,190,4,,0
48301,'Semaine-01',701,,841,190,4,,0,52,,842,190,4,,0
48400,'Fête-2-01',1638,,843,10,,,0,104,,844,10,,,0
48400,'Semaine-01',1638,,845,10,,,0,104,,846,10,,,0
48401,'Fête-2-01',636,,847,210,4,,0,100,,848,210,4,,0
48401,'Semaine-01',636,,849,210,4,,0,100,,850,210,4,,0
48600,'Fête-2-01',1600,,871,10,,,0,59,,872,10,,,0
48600,'Semaine-01',1600,,873,10,,,0,59,,874,10,,,0
48601,'Fête-2-01',718,,875,330,4,,0,125,,876,330,4,,0
48601,'Semaine-01',718,,877,330,4,,0,125,,878,330,4,,0
