10400,'Fête-1-01',622,,1,270,,,1,130,,2,270,,,1,170,,3,270,,,1,130,,4,270,,,1,170,,5,270,,,1,130,,6,270,,,1,170,,7,270,,,1,130,,8,270,,,1,170,,9,270,,,1,130,,10,270,,,1,170,,11,270,,,1,130,,12,270,,,1,170,,13,270,,,1,130,,14,270,,,1
10400,'Fête-2-01',930,,33,270,,,1,70,,20,270,,,1,30,,34,270,,,1,70,,21,270,,,1,30,,35,270,,,1,70,,22,270,,,1,30,,36,270,,,1,70,,23,270,,,1,30,,37,270,,,1,70,,24,270,,,1,30,,38,270,,,1,70,,25,270,,,1,31,,26,270,,,1,424,,39,270,,,1,71,,15,270,,,1,29,,27,270,,,1,70,,16,270,,,1,30,,28,270,,,1,70,,17,270,,,1,30,,29,270,,,1,70,,18,270,,,1,30,,30,270,,,1,70,,19,270,,,1,30,,31,270,,,1,93,,32,270,,,1
10400,'Semaine-01',930,,58,270,,,1,70,,45,270,,,1,30,,59,270,,,1,70,,46,270,,,1,30,,60,270,,,1,70,,47,270,,,1,30,,61,270,,,1,70,,48,270,,,1,30,,62,270,,,1,70,,49,270,,,1,30,,63,270,,,1,70,,50,270,,,1,31,,51,270,,,1,424,,64,270,,,1,71,,40,270,,,1,29,,52,270,,,1,70,,41,270,,,1,30,,53,270,,,1,70,,42,270,,,1,30,,54,270,,,1,70,,43,270,,,1,30,,55,270,,,1,70,,44,270,,,1,30,,56,270,,,1,93,,57,270,,,1
10400,'Week-end-01',622,,65,270,,,1,130,,66,270,,,1,170,,67,270,,,1,130,,68,270,,,1,170,,69,270,,,1,130,,70,270,,,1,170,,71,270,,,1,130,,72,270,,,1,170,,73,270,,,1,130,,74,270,,,1,170,,75,270,,,1,130,,76,270,,,1,170,,77,270,,,1,130,,78,270,,,1
10600,'Fête-2-01',510,,174,200,,,0,20,,170,200,,,0,20,,171,200,,,0,60,,172,200,,,0,20,,167,200,,,0,20,,169,200,,,0,60,,168,200,,,0,20,,165,200,,,0,20,,166,200,,,0,60,,163,200,,,0,20,,164,200,,,0,20,,173,200,,,0
10600,'Semaine-01',510,,186,200,,,0,20,,182,200,,,0,20,,183,200,,,0,60,,184,200,,,0,20,,179,200,,,0,20,,181,200,,,0,60,,180,200,,,0,20,,177,200,,,0,20,,178,200,,,0,60,,175,200,,,0,20,,176,200,,,0,20,,185,200,,,0
38501,'Fête-2-01',1507,,475,130,,,0,32,,476,130,,,0,71,,477,130,,,0,30,,478,130,,,0,70,,479,130,,,0
38501,'Semaine-01',1507,,480,130,,,0,32,,481,130,,,0,71,,482,130,,,0,30,,483,130,,,0,70,,484,130,,,0
48201,'Fête-2-01',622,,820,30,,,1,33,,822,30,,,1,57,,824,30,,,1,27,,825,30,,,1,18,,819,30,,,1,75,,821,30,,,1,15,,823,30,,,1,70,,826,30,,,1
48201,'Semaine-01',624,,828,30,,,1,23,,830,30,,,1,57,,832,30,,,1,38,,833,30,,,1,15,,827,30,,,1,70,,829,30,,,1,20,,831,30,,,1,65,,834,30,,,1
68101,'Fête-2-01',555,,1004,60,,,0,86,,1002,60,,,0,83,,1005,60,,,0,100,,1006,60,,,0,80,,994,60,,,0,805,,1009,60,,,0
68101,'Semaine-01',555,,1024,60,,,0,86,,1022,60,,,0,83,,1025,60,,,0,100,,1026,60,,,0,80,,1014,60,,,0,805,,1029,60,,,0
