48101,'Fête-1-01',552,,655,20,,,1,85,,656,20,,,1,85,,657,20,,,1,85,,658,20,,,1,45,,659,20,,,1,85,,660,20,,,1,85,,661,20,,,1,85,,662,20,,,1,45,,663,20,,,1,85,,664,20,,,1,85,,666,20,,,1,85,,665,20,,,1,45,,667,20,,,1,85,,668,20,,,1,85,,669,20,,,1,85,,670,20,,,1,45,,671,20,,,1,85,,672,20,,,1,85,,673,20,,,1,85,,674,20,,,1,45,,675,20,,,1,85,,676,20,,,1,85,,677,20,,,1,85,,678,20,,,1,45,,679,20,,,1,85,,680,20,,,1
48101,'Fête-2-01',509,,719,20,,,1,15,,715,20,,,1,17,,717,20,,,1,18,,718,20,,,1,60,,723,20,,,1,28,,724,20,,,1,82,,716,20,,,1,90,,721,20,,,1,90,,720,20,,,1,38,,712,20,,,1,70,,689,20,,,1,30,,713,20,,,1,70,,690,20,,,1,30,,714,20,,,1,73,,691,20,,,1,27,,702,20,,,1,73,,692,20,,,1,27,,703,20,,,1,73,,693,20,,,1,27,,705,20,,,1,64,,704,20,,,1,20,,701,20,,,1,20,,722,20,,,1,64,,683,20,,,1,10,,685,20,,,1,13,,688,20,,,1,64,,681,20,,,1,27,,684,20,,,1,14,,682,20,,,1,60,,687,20,,,1,20,,686,20,,,1,33,,700,20,,,1,61,,699,20,,,1,37,,706,20,,,1,71,,694,20,,,1,22,,707,20,,,1,72,,695,20,,,1,28,,708,20,,,1,70,,696,20,,,1,30,,709,20,,,1,70,,697,20,,,1,30,,710,20,,,1,70,,698,20,,,1,33,,711,20,,,1
48101,'Semaine-01',509,,771,20,,,1,15,,764,20,,,1,17,,768,20,,,1,13,,769,20,,,1,55,,776,20,,,1,10,,777,20,,,1,20,,778,20,,,1,10,,779,20,,,1,52,,780,20,,,1,18,,770,20,,,1,10,,767,20,,,1,10,,766,20,,,1,20,,763,20,,,1,50,,772,20,,,1,15,,774,20,,,1,20,,765,20,,,1,65,,773,20,,,1,38,,760,20,,,1,70,,737,20,,,1,30,,761,20,,,1,70,,738,20,,,1,30,,762,20,,,1,73,,739,20,,,1,27,,750,20,,,1,73,,740,20,,,1,27,,751,20,,,1,73,,741,20,,,1,27,,753,20,,,1,72,,752,20,,,1,12,,749,20,,,1,22,,775,20,,,1,55,,728,20,,,1,15,,732,20,,,1,10,,729,20,,,1,10,,736,20,,,1,12,,727,20,,,1,48,,725,20,,,1,12,,731,20,,,1,8,,730,20,,,1,12,,734,20,,,1,18,,726,20,,,1,50,,735,20,,,1,20,,733,20,,,1,32,,748,20,,,1,62,,747,20,,,1,37,,754,20,,,1,63,,742,20,,,1,30,,755,20,,,1,72,,743,20,,,1,28,,756,20,,,1,70,,744,20,,,1,30,,757,20,,,1,70,,745,20,,,1,30,,758,20,,,1,70,,746,20,,,1,30,,759,20,,,1
48101,'Week-end-01',552,,781,20,,,1,85,,782,20,,,1,85,,783,20,,,1,85,,784,20,,,1,45,,785,20,,,1,85,,786,20,,,1,85,,787,20,,,1,85,,788,20,,,1,45,,789,20,,,1,85,,790,20,,,1,85,,792,20,,,1,85,,791,20,,,1,45,,793,20,,,1,85,,794,20,,,1,85,,795,20,,,1,85,,796,20,,,1,45,,797,20,,,1,85,,798,20,,,1,85,,799,20,,,1,85,,800,20,,,1,45,,801,20,,,1,85,,802,20,,,1,85,,803,20,,,1,85,,804,20,,,1,45,,805,20,,,1,85,,806,20,,,1
48201,'Fête-2-01',629,,820,90,,,1,73,,822,90,,,1,17,,824,90,,,1,27,,825,90,,,1,58,,819,90,,,1,35,,821,90,,,1,15,,823,90,,,1,70,,826,90,,,1
48201,'Semaine-01',631,,828,90,,,1,23,,830,90,,,1,57,,832,90,,,1,38,,833,90,,,1,55,,827,90,,,1,30,,829,90,,,1,20,,831,90,,,1,65,,834,90,,,1
48501,'Semaine-01',557,,869,260,,,0,55,,870,260,,,0,15,,866,260,,,0,15,,864,260,,,0,15,,865,260,,,0,55,,867,260,,,0,15,,868,260,,,0,15,,863,260,,,0,15,,861,260,,,0,70,,862,260,,,0
48801,'Semaine-01',602,,919,210,,,0,20,,920,210,,,0,21,,921,210,,,0,60,,922,210,,,0,20,,917,210,,,0,20,,918,210,,,0,60,,916,210,,,0,20,,915,210,,,0
68501,'Fête-2-01',706,,1037,140,,,0,100,,1038,140,,,0,208,,1039,140,,,0,203,,1036,140,,,0
68501,'Semaine-01',706,,1042,140,,,0,5,,1040,20,,,0,95,,1043,140,,,0,208,,1044,140,,,0,203,,1041,140,,,0
