48100,'Fête-1-01',625,,497,10,,,1,85,,498,10,,,1,45,,499,10,,,1,85,,500,10,,,1,85,,501,10,,,1,85,,502,10,,,1,45,,503,10,,,1,85,,504,10,,,1,85,,505,10,,,1,85,,506,10,,,1,45,,508,10,,,1,85,,507,10,,,1,83,,509,10,,,1,85,,510,10,,,1,45,,511,10,,,1,85,,512,10,,,1,87,,513,10,,,1,85,,514,10,,,1,45,,515,10,,,1,85,,516,10,,,1,85,,517,10,,,1,85,,518,10,,,1,45,,519,10,,,1,85,,520,10,,,1,85,,521,10,,,1,85,,522,10,,,1
48100,'Semaine-01',527,,569,10,,,1,15,,574,10,,,1,15,,579,10,,,1,59,,570,10,,,1,11,,575,10,,,1,9,,580,10,,,1,20,,571,10,,,1,51,,576,10,,,1,12,,581,10,,,1,16,,572,10,,,1,12,,577,10,,,1,9,,582,10,,,1,60,,573,10,,,1,11,,578,10,,,1,15,,583,10,,,1,68,,597,10,,,1,30,,587,10,,,1,70,,598,10,,,1,30,,588,10,,,1,70,,599,10,,,1,30,,589,10,,,1,70,,600,10,,,1,30,,590,10,,,1,70,,601,10,,,1,30,,591,10,,,1,70,,602,10,,,1,30,,586,10,,,1,65,,603,10,,,1,22,,613,10,,,1,15,,614,10,,,1,15,,624,10,,,1,50,,625,10,,,1,10,,626,10,,,1,10,,627,10,,,1,10,,628,10,,,1,10,,612,10,,,1,10,,611,10,,,1,50,,619,10,,,1,10,,615,10,,,1,10,,616,10,,,1,10,,617,10,,,1,10,,618,10,,,1,10,,620,10,,,1,55,,621,10,,,1,15,,622,10,,,1,19,,623,10,,,1,10,,610,10,,,1,60,,596,10,,,1,24,,604,10,,,1,70,,592,10,,,1,30,,605,10,,,1,70,,593,10,,,1,30,,606,10,,,1,70,,594,10,,,1,30,,607,10,,,1,70,,595,10,,,1,30,,608,10,,,1,70,,585,10,,,1,30,,609,10,,,1,70,,584,10,,,1
48100,'Semaine-05',527,,1252,10,,,1,15,,1257,10,,,1,15,,1262,10,,,1,59,,1253,10,,,1,11,,1258,10,,,1,9,,1263,10,,,1,20,,1254,10,,,1,51,,1259,10,,,1,12,,1264,10,,,1,16,,1255,10,,,1,12,,1260,10,,,1,9,,1265,10,,,1,60,,1256,10,,,1,11,,1261,10,,,1,15,,1266,10,,,1,68,,1280,10,,,1,30,,1270,10,,,1,70,,1281,10,,,1,30,,1271,10,,,1,70,,1282,10,,,1,30,,1272,10,,,1,70,,1283,10,,,1,30,,1273,10,,,1,70,,1284,10,,,1,30,,1274,10,,,1,70,,1285,10,,,1,30,,1269,10,,,1,65,,1286,10,,,1,22,,1296,10,,,1,15,,1297,10,,,1,15,,1307,10,,,1,50,,1308,10,,,1,10,,1309,10,,,1,10,,1310,10,,,1,10,,1311,10,,,1,10,,1295,10,,,1,10,,1294,10,,,1,50,,1302,10,,,1,10,,1298,10,,,1,10,,1299,10,,,1,10,,1300,10,,,1,10,,1301,10,,,1,10,,1303,10,,,1,55,,1304,10,,,1,15,,1305,10,,,1,19,,1306,10,,,1,10,,1293,10,,,1,60,,1279,10,,,1,24,,1287,10,,,1,70,,1275,10,,,1,30,,1288,10,,,1,70,,1276,10,,,1,30,,1289,10,,,1,70,,1277,10,,,1,30,,1290,10,,,1,70,,1278,10,,,1,30,,1291,10,,,1,70,,1268,10,,,1,30,,1292,10,,,1,70,,1267,10,,,1
48100,'Week-end-01',625,,629,10,,,1,85,,630,10,,,1,45,,631,10,,,1,85,,632,10,,,1,85,,633,10,,,1,85,,634,10,,,1,45,,635,10,,,1,85,,636,10,,,1,85,,637,10,,,1,85,,638,10,,,1,45,,640,10,,,1,85,,639,10,,,1,83,,641,10,,,1,85,,642,10,,,1,45,,643,10,,,1,85,,644,10,,,1,87,,645,10,,,1,85,,646,10,,,1,45,,647,10,,,1,85,,648,10,,,1,85,,649,10,,,1,85,,650,10,,,1,45,,651,10,,,1,85,,652,10,,,1,85,,653,10,,,1,85,,654,10,,,1
48101,'Fête-1-01',605,,655,30,4,,1,45,,656,30,4,,1,85,,657,30,4,,1,85,,658,30,4,,1,85,,659,30,4,,1,44,,660,30,4,,1,85,,661,30,4,,1,85,,662,30,4,,1,85,,663,30,4,,1,45,,664,30,4,,1,85,,666,30,4,,1,85,,665,30,4,,1,85,,667,30,4,,1,46,,668,30,4,,1,85,,669,30,4,,1,85,,670,30,4,,1,85,,671,30,4,,1,44,,672,30,4,,1,85,,673,30,4,,1,85,,674,30,4,,1,85,,675,30,4,,1,45,,676,30,4,,1,85,,677,30,4,,1,85,,678,30,4,,1,85,,679,30,4,,1,45,,680,30,4,,1
48101,'Semaine-01',522,,771,30,4,,1,15,,764,30,4,,1,17,,768,30,4,,1,53,,769,30,4,,1,15,,776,30,4,,1,10,,777,30,4,,1,20,,778,30,4,,1,50,,779,30,4,,1,12,,780,30,4,,1,18,,770,30,4,,1,10,,767,30,4,,1,10,,766,30,4,,1,60,,763,30,4,,1,10,,772,30,4,,1,15,,774,30,4,,1,20,,765,30,4,,1,64,,773,30,4,,1,38,,760,30,4,,1,70,,737,30,4,,1,30,,761,30,4,,1,70,,738,30,4,,1,30,,762,30,4,,1,73,,739,30,4,,1,27,,750,30,4,,1,73,,740,30,4,,1,27,,751,30,4,,1,73,,741,30,4,,1,27,,753,30,4,,1,73,,752,30,4,,1,12,,749,30,4,,1,62,,775,30,4,,1,15,,728,30,4,,1,15,,732,30,4,,1,10,,729,30,4,,1,10,,736,30,4,,1,52,,727,30,4,,1,8,,725,30,4,,1,12,,731,30,4,,1,8,,730,30,4,,1,12,,734,30,4,,1,58,,726,30,4,,1,9,,735,30,4,,1,20,,733,30,4,,1,72,,748,30,4,,1,22,,747,30,4,,1,77,,754,30,4,,1,23,,742,30,4,,1,30,,755,30,4,,1,72,,743,30,4,,1,28,,756,30,4,,1,70,,744,30,4,,1,30,,757,30,4,,1,70,,745,30,4,,1,30,,758,30,4,,1,70,,746,30,4,,1,30,,759,30,4,,1
48101,'Semaine-05',522,,1358,30,4,,1,15,,1351,30,4,,1,17,,1355,30,4,,1,53,,1356,30,4,,1,15,,1363,30,4,,1,10,,1364,30,4,,1,20,,1365,30,4,,1,50,,1366,30,4,,1,12,,1367,30,4,,1,18,,1357,30,4,,1,10,,1354,30,4,,1,10,,1353,30,4,,1,60,,1350,30,4,,1,10,,1359,30,4,,1,15,,1361,30,4,,1,20,,1352,30,4,,1,64,,1360,30,4,,1,38,,1347,30,4,,1,70,,1324,30,4,,1,30,,1348,30,4,,1,70,,1325,30,4,,1,30,,1349,30,4,,1,73,,1326,30,4,,1,27,,1337,30,4,,1,73,,1327,30,4,,1,27,,1338,30,4,,1,73,,1328,30,4,,1,27,,1340,30,4,,1,73,,1339,30,4,,1,12,,1336,30,4,,1,62,,1362,30,4,,1,15,,1315,30,4,,1,15,,1319,30,4,,1,10,,1316,30,4,,1,10,,1323,30,4,,1,52,,1314,30,4,,1,8,,1312,30,4,,1,12,,1318,30,4,,1,8,,1317,30,4,,1,12,,1321,30,4,,1,58,,1313,30,4,,1,9,,1322,30,4,,1,20,,1320,30,4,,1,72,,1335,30,4,,1,22,,1334,30,4,,1,77,,1341,30,4,,1,23,,1329,30,4,,1,30,,1342,30,4,,1,72,,1330,30,4,,1,28,,1343,30,4,,1,70,,1331,30,4,,1,30,,1344,30,4,,1,70,,1332,30,4,,1,30,,1345,30,4,,1,70,,1333,30,4,,1,30,,1346,30,4,,1
48101,'Week-end-01',605,,781,30,4,,1,45,,782,30,4,,1,85,,783,30,4,,1,85,,784,30,4,,1,85,,785,30,4,,1,44,,786,30,4,,1,85,,787,30,4,,1,85,,788,30,4,,1,85,,789,30,4,,1,45,,790,30,4,,1,85,,792,30,4,,1,85,,791,30,4,,1,85,,793,30,4,,1,46,,794,30,4,,1,85,,795,30,4,,1,85,,796,30,4,,1,85,,797,30,4,,1,44,,798,30,4,,1,85,,799,30,4,,1,85,,800,30,4,,1,85,,801,30,4,,1,45,,802,30,4,,1,85,,803,30,4,,1,85,,804,30,4,,1,85,,805,30,4,,1,45,,806,30,4,,1
48200,'Semaine-01',1552,,815,10,,,1,70,,818,10,,,1,30,,817,10,,,1,70,,813,10,,,1,30,,814,10,,,1,65,,816,10,,,1
48200,'Semaine-05',1552,,1370,10,,,1,70,,1373,10,,,1,30,,1372,10,,,1,70,,1368,10,,,1,30,,1369,10,,,1,65,,1371,10,,,1
48201,'Semaine-01',645,,828,100,4,,1,63,,830,100,4,,1,18,,832,100,4,,1,78,,833,100,4,,1,15,,827,100,4,,1,28,,829,100,4,,1,60,,831,100,4,,1,25,,834,100,4,,1
48201,'Semaine-05',645,,1375,100,4,,1,63,,1377,100,4,,1,18,,1379,100,4,,1,78,,1380,100,4,,1,15,,1374,100,4,,1,28,,1376,100,4,,1,60,,1378,100,4,,1,25,,1381,100,4,,1
