10900,'Fête-2-01',1146,,337,90,4,,0,200,,338,90,4,,0,169,,339,90,4,,0,135,,340,90,4,,0,109,,341,90,4,,0
10900,'Semaine-01',1146,,342,90,4,,0,200,,343,90,4,,0,169,,344,90,4,,0,135,,345,90,4,,0,109,,346,90,4,,0
38301,'Fête-2-01',607,,431,140,,,0,100,,432,140,,,0,32,,430,140,,,0,71,,429,140,,,0,28,,433,140,,,0,80,,434,140,,,0,99,,435,140,,,0
38301,'Semaine-01',607,,438,140,,,0,100,,439,140,,,0,32,,437,140,,,0,71,,436,140,,,0,28,,440,140,,,0,80,,441,140,,,0,99,,442,140,,,0
68000,'Fête-1-01',847,,923,160,,,0,166,,924,160,,,0,136,,925,160,,,0,167,,926,160,,,0,130,,927,160,,,0,170,,928,160,,,0,128,,929,160,,,0,167,,930,160,,,0
68000,'Week-end-01',847,,931,160,,,0,166,,932,160,,,0,136,,933,160,,,0,167,,934,160,,,0,130,,935,160,,,0,170,,936,160,,,0,128,,937,160,,,0,167,,938,160,,,0
68100,'Fête-2-01',537,,960,40,,,0,198,,959,140,,,0,101,,965,140,,,0,105,,966,140,,,0,111,,955,210,,,0,93,,961,140,,,0,105,,962,210,,,0,95,,963,140,,,0,105,,964,210,,,0,155,,957,210,,,0,107,,970,140,,,0,92,,967,140,,,0,96,,956,210,,,0,44,,971,190,,,0,103,,972,210,,,0,101,,958,190,,,0,101,,968,210,,,0,101,,969,210,,,0
68100,'Semaine-01',537,,978,40,,,0,198,,977,140,,,0,101,,983,140,,,0,105,,984,140,,,0,111,,973,210,,,0,93,,979,140,,,0,105,,980,210,,,0,95,,981,140,,,0,105,,982,210,,,0,155,,975,210,,,0,107,,988,140,,,0,92,,985,140,,,0,96,,974,210,,,0,44,,989,190,,,0,103,,990,210,,,0,101,,976,190,,,0,101,,986,210,,,0,101,,987,210,,,0
68501,'Fête-2-01',657,,1037,40,,,0,100,,1038,40,,,0,248,,1039,40,,,0,203,,1036,40,,,0
68501,'Semaine-01',657,,1042,40,,,0,100,,1043,40,,,0,248,,1044,40,,,0,203,,1041,40,,,0
