10901,'Fête-2-01',609,,347,140,,,0,30,,348,140,,,0,70,,349,140,,,0,25,,350,140,,,0
10901,'Semaine-01',609,,351,140,,,0,30,,352,140,,,0,70,,353,140,,,0,25,,354,140,,,0
38001,'Fête-2-01',1253,,365,20,,,0,200,,366,20,,,0,259,,367,20,,,0,98,,368,20,,,0,93,,369,20,,,0
38001,'Semaine-01',1253,,370,20,,,0,200,,371,20,,,0,259,,372,20,,,0,98,,373,20,,,0,93,,374,20,,,0
48401,'Fête-2-01',609,,847,70,,,0,100,,848,70,,,0
48401,'Semaine-01',609,,849,70,,,0,100,,850,70,,,0
68001,'Fête-1-01',729,,946,130,,,0,130,,939,130,,,0,170,,940,130,,,0,130,,941,130,,,0,170,,942,130,,,0,130,,943,130,,,0,170,,944,130,,,0,130,,945,130,,,0
68001,'Week-end-01',729,,954,130,,,0,130,,947,130,,,0,170,,948,130,,,0,130,,949,130,,,0,170,,950,130,,,0,130,,951,130,,,0,170,,952,130,,,0,130,,953,130,,,0
68101,'Fête-2-01',609,,1004,230,,,0,48,,1002,230,,,0,84,,1005,230,,,0,70,,991,130,,,0,29,,1006,230,,,0,79,,994,230,,,0,99,,995,130,,,0,102,,996,130,,,0,104,,997,130,,,0,98,,998,130,,,0,105,,992,130,,,0,93,,993,130,,,0,114,,1008,130,,,0,90,,1009,230,,,0,96,,1001,130,,,0,105,,1003,130,,,0,109,,1007,130,,,0,87,,1000,130,,,0,103,,999,130,,,0
68101,'Semaine-01',609,,1024,230,,,0,48,,1022,230,,,0,55,,1011,130,,,0,29,,1025,230,,,0,70,,1010,130,,,0,29,,1026,230,,,0,79,,1014,230,,,0,99,,1015,130,,,0,102,,1016,130,,,0,104,,1017,130,,,0,98,,1018,130,,,0,105,,1012,130,,,0,93,,1013,130,,,0,114,,1028,130,,,0,90,,1029,230,,,0,96,,1021,130,,,0,105,,1023,130,,,0,109,,1027,130,,,0,87,,1020,130,,,0,103,,1019,130,,,0
