10400,'Fête-1-01',610,,1,140,,,1,130,,2,140,,,1,170,,3,140,,,1,130,,4,140,,,1,170,,5,140,,,1,130,,6,140,,,1,170,,7,140,,,1,130,,8,140,,,1,170,,9,140,,,1,130,,10,140,,,1,170,,11,140,,,1,130,,12,140,,,1,170,,13,140,,,1,130,,14,140,,,1
10400,'Fête-2-01',918,,33,140,,,1,30,,20,140,,,1,70,,34,140,,,1,30,,21,140,,,1,70,,35,140,,,1,30,,22,140,,,1,70,,36,140,,,1,30,,23,140,,,1,70,,37,140,,,1,30,,24,140,,,1,70,,38,140,,,1,30,,25,140,,,1,71,,26,140,,,1,424,,39,140,,,1,71,,15,140,,,1,29,,27,140,,,1,70,,16,140,,,1,30,,28,140,,,1,70,,17,140,,,1,30,,29,140,,,1,70,,18,140,,,1,30,,30,140,,,1,70,,19,140,,,1,30,,31,140,,,1,93,,32,140,,,1
10400,'Semaine-01',918,,58,140,,,1,30,,45,140,,,1,70,,59,140,,,1,30,,46,140,,,1,70,,60,140,,,1,30,,47,140,,,1,70,,61,140,,,1,30,,48,140,,,1,70,,62,140,,,1,30,,49,140,,,1,70,,63,140,,,1,30,,50,140,,,1,71,,51,140,,,1,424,,64,140,,,1,71,,40,140,,,1,29,,52,140,,,1,70,,41,140,,,1,30,,53,140,,,1,70,,42,140,,,1,30,,54,140,,,1,70,,43,140,,,1,30,,55,140,,,1,70,,44,140,,,1,30,,56,140,,,1,93,,57,140,,,1
10400,'Week-end-01',610,,65,140,,,1,130,,66,140,,,1,170,,67,140,,,1,130,,68,140,,,1,170,,69,140,,,1,130,,70,140,,,1,170,,71,140,,,1,130,,72,140,,,1,170,,73,140,,,1,130,,74,140,,,1,170,,75,140,,,1,130,,76,140,,,1,170,,77,140,,,1,130,,78,140,,,1
38300,'Fête-2-01',1258,,417,170,,,0,200,,416,170,,,0,101,,418,170,,,0,158,,419,170,,,0,98,,420,170,,,0,93,,421,170,,,0,44,,415,170,,,0
38300,'Semaine-01',1258,,424,170,,,0,200,,423,170,,,0,101,,425,170,,,0,158,,426,170,,,0,98,,427,170,,,0,93,,428,170,,,0,44,,422,170,,,0
48400,'Fête-2-01',1709,,843,200,,,0,101,,844,200,,,0
48400,'Semaine-01',1709,,845,200,,,0,101,,846,200,,,0
48800,'Semaine-01',1626,,907,150,,,0,14,,908,150,,,0,68,,909,150,,,0,18,,910,150,,,0,20,,911,150,,,0,60,,912,150,,,0,17,,913,150,,,0,21,,914,150,,,0
48801,'Semaine-01',549,,919,80,,,0,60,,920,80,,,0,20,,921,80,,,0,20,,922,80,,,0,61,,917,80,,,0,20,,918,80,,,0,20,,916,80,,,0,60,,915,80,,,0
