10500,'Fête-1-01',740,,80,80,,,0,170,,81,80,,,0,130,,82,80,,,0,170,,83,80,,,0,130,,84,80,,,0,170,,85,80,,,0,130,,86,80,,,0,170,,87,80,,,0,130,,88,80,,,0,170,,89,80,,,0,130,,90,80,,,0,170,,91,80,,,0,40,,92,80,,,0
10500,'Semaine-01',551,,134,80,,,0,70,,135,80,,,0,30,,136,80,,,0,59,,137,80,,,0,40,,138,80,,,0,155,,122,80,,,0,98,,123,80,,,0,108,,124,80,,,0,94,,125,80,,,0,106,,126,80,,,0,94,,127,80,,,0,106,,128,80,,,0,115,,148,80,,,0,18,,143,80,,,0,61,,144,80,,,0,43,,139,80,,,0,57,,140,80,,,0,20,,141,80,,,0,94,,142,80,,,0,86,,129,80,,,0,103,,130,80,,,0,101,,131,80,,,0,99,,132,80,,,0,100,,133,80,,,0,94,,121,80,,,0
10500,'Semaine-05',551,,1083,80,,,0,70,,1084,80,,,0,30,,1085,80,,,0,59,,1086,80,,,0,40,,1087,80,,,0,155,,1071,80,,,0,98,,1072,80,,,0,108,,1073,80,,,0,94,,1074,80,,,0,106,,1075,80,,,0,94,,1076,80,,,0,106,,1077,80,,,0,115,,1097,80,,,0,18,,1092,80,,,0,61,,1093,80,,,0,43,,1088,80,,,0,57,,1089,80,,,0,20,,1090,80,,,0,94,,1091,80,,,0,86,,1078,80,,,0,103,,1079,80,,,0,101,,1080,80,,,0,99,,1081,80,,,0,100,,1082,80,,,0,94,,1070,80,,,0
10500,'Week-end-01',740,,150,80,,,0,170,,151,80,,,0,130,,152,80,,,0,170,,153,80,,,0,130,,154,80,,,0,170,,155,80,,,0,130,,156,80,,,0,170,,157,80,,,0,130,,158,80,,,0,170,,159,80,,,0,130,,160,80,,,0,170,,161,80,,,0,40,,162,80,,,0
10601,'Semaine-01',1539,,210,170,,,0,20,,205,170,,,0,60,,206,170,,,0,20,,207,170,,,0,20,,208,170,,,0,60,,201,170,,,0,20,,199,170,,,0,20,,200,170,,,0,60,,203,170,,,0,20,,202,170,,,0,20,,204,170,,,0,62,,209,170,,,0
10601,'Semaine-05',1539,,1121,170,,,0,20,,1116,170,,,0,60,,1117,170,,,0,20,,1118,170,,,0,20,,1119,170,,,0,60,,1112,170,,,0,20,,1110,170,,,0,20,,1111,170,,,0,60,,1114,170,,,0,20,,1113,170,,,0,20,,1115,170,,,0,62,,1120,170,,,0
10800,'Semaine-01',1553,,316,80,,,0,60,,323,80,,,0,30,,318,80,,,0,70,,324,80,,,0,30,,319,80,,,0,60,,317,80,,,0,21,,320,80,,,0,25,,321,80,,,0,69,,322,80,,,0
10800,'Semaine-05',1553,,1157,80,,,0,60,,1164,80,,,0,30,,1159,80,,,0,70,,1165,80,,,0,30,,1160,80,,,0,60,,1158,80,,,0,21,,1161,80,,,0,25,,1162,80,,,0,69,,1163,80,,,0
48500,'Semaine-01',1613,,851,190,,,0,30,,852,190,,,0,15,,853,190,,,0,55,,854,190,,,0,16,,855,190,,,0,15,,856,190,,,0,15,,857,190,,,0,53,,858,190,,,0,15,,859,190,,,0,14,,860,190,,,0
48500,'Semaine-05',1613,,1390,190,,,0,30,,1391,190,,,0,15,,1392,190,,,0,55,,1393,190,,,0,16,,1394,190,,,0,15,,1395,190,,,0,15,,1396,190,,,0,53,,1397,190,,,0,15,,1398,190,,,0,14,,1399,190,,,0
