10601,'Semaine-01',1547,,210,240,,,0,60,,205,240,,,0,20,,206,240,,,0,20,,207,240,,,0,60,,208,240,,,0,20,,201,240,,,0,20,,199,240,,,0,60,,200,240,,,0,20,,203,240,,,0,20,,202,240,,,0,60,,204,240,,,0,22,,209,240,,,0
10601,'Semaine-05',1547,,1121,240,,,0,60,,1116,240,,,0,20,,1117,240,,,0,20,,1118,240,,,0,60,,1119,240,,,0,20,,1112,240,,,0,20,,1110,240,,,0,60,,1111,240,,,0,20,,1114,240,,,0,20,,1113,240,,,0,60,,1115,240,,,0,22,,1120,240,,,0
10700,'Semaine-01',501,,234,180,,,0,27,,230,180,,,0,20,,231,180,,,0,60,,232,180,,,0,20,,233,180,,,0,20,,229,180,,,0,60,,223,180,,,0,20,,224,180,,,0,20,,226,180,,,0,60,,228,180,,,0,20,,227,180,,,0,24,,225,180,,,0
10700,'Semaine-05',501,,1133,180,,,0,27,,1129,180,,,0,20,,1130,180,,,0,60,,1131,180,,,0,20,,1132,180,,,0,20,,1128,180,,,0,60,,1122,180,,,0,20,,1123,180,,,0,20,,1125,180,,,0,60,,1127,180,,,0,20,,1126,180,,,0,24,,1124,180,,,0
10900,'Semaine-01',1148,,342,150,4,,0,200,,343,150,4,,0,169,,344,150,4,,0,135,,345,150,4,,0,149,,346,150,4,,0
10900,'Semaine-05',1148,,1172,150,4,,0,200,,1173,150,4,,0,169,,1174,150,4,,0,135,,1175,150,4,,0,149,,1176,150,4,,0
38301,'Semaine-01',610,,438,200,,,0,100,,439,200,,,0,32,,437,200,,,0,71,,436,200,,,0,28,,440,200,,,0,80,,441,200,,,0,99,,442,200,,,0
38301,'Semaine-05',610,,1220,200,,,0,100,,1221,200,,,0,32,,1219,200,,,0,71,,1218,200,,,0,28,,1222,200,,,0,80,,1223,200,,,0,99,,1224,200,,,0
48801,'Semaine-01',559,,919,180,,,0,60,,920,180,,,0,20,,921,180,,,0,20,,922,180,,,0,60,,917,180,,,0,20,,918,180,,,0,20,,916,180,,,0,60,,915,180,,,0
48801,'Semaine-05',559,,1440,180,,,0,60,,1441,180,,,0,20,,1442,180,,,0,20,,1443,180,,,0,60,,1438,180,,,0,20,,1439,180,,,0,20,,1437,180,,,0,60,,1436,180,,,0
68000,'Fête-1-01',853,,923,220,,,0,166,,924,220,,,0,135,,925,220,,,0,168,,926,220,,,0,130,,927,220,,,0,170,,928,220,,,0,128,,929,220,,,0,167,,930,220,,,0
68000,'Week-end-01',853,,931,220,,,0,166,,932,220,,,0,135,,933,220,,,0,168,,934,220,,,0,130,,935,220,,,0,170,,936,220,,,0,128,,937,220,,,0,167,,938,220,,,0
68100,'Semaine-01',541,,978,100,,,0,198,,977,200,,,0,102,,983,200,,,0,105,,984,200,,,0,111,,973,270,,,0,94,,979,200,,,0,105,,980,270,,,0,95,,981,200,,,0,105,,982,270,,,0,156,,975,270,,,0,108,,988,200,,,0,91,,985,200,,,0,95,,974,270,,,0,44,,989,250,,,0,103,,990,270,,,0,101,,976,250,,,0,100,,986,270,,,0,101,,987,270,,,0
68100,'Semaine-05',541,,1449,100,,,0,198,,1448,200,,,0,102,,1454,200,,,0,105,,1455,200,,,0,111,,1444,270,,,0,94,,1450,200,,,0,105,,1451,270,,,0,95,,1452,200,,,0,105,,1453,270,,,0,156,,1446,270,,,0,108,,1459,200,,,0,91,,1456,200,,,0,95,,1445,270,,,0,44,,1460,250,,,0,103,,1461,270,,,0,101,,1447,250,,,0,100,,1457,270,,,0,101,,1458,270,,,0
68501,'Semaine-01',701,,1042,100,,,0,100,,1043,100,,,0,208,,1044,100,,,0,203,,1041,100,,,0
68501,'Semaine-05',701,,1487,100,,,0,100,,1488,100,,,0,208,,1489,100,,,0,203,,1486,100,,,0
