10500,'Fête-1-01',738,,80,40,,,0,170,,81,40,,,0,130,,82,40,,,0,170,,83,40,,,0,130,,84,40,,,0,170,,85,40,,,0,130,,86,40,,,0,170,,87,40,,,0,130,,88,40,,,0,170,,89,40,,,0,130,,90,40,,,0,170,,91,40,,,0,40,,92,40,,,0
10500,'Semaine-01',549,,134,40,,,0,70,,135,40,,,0,30,,136,40,,,0,59,,137,40,,,0,40,,138,40,,,0,155,,122,40,,,0,98,,123,40,,,0,108,,124,40,,,0,94,,125,40,,,0,106,,126,40,,,0,94,,127,40,,,0,106,,128,40,,,0,115,,148,40,,,0,18,,143,40,,,0,61,,144,40,,,0,43,,139,40,,,0,57,,140,40,,,0,20,,141,40,,,0,94,,142,40,,,0,86,,129,40,,,0,103,,130,40,,,0,101,,131,40,,,0,99,,132,40,,,0,100,,133,40,,,0,94,,121,40,,,0
10500,'Semaine-05',549,,1083,40,,,0,70,,1084,40,,,0,30,,1085,40,,,0,59,,1086,40,,,0,40,,1087,40,,,0,155,,1071,40,,,0,98,,1072,40,,,0,108,,1073,40,,,0,94,,1074,40,,,0,106,,1075,40,,,0,94,,1076,40,,,0,106,,1077,40,,,0,115,,1097,40,,,0,18,,1092,40,,,0,61,,1093,40,,,0,43,,1088,40,,,0,57,,1089,40,,,0,20,,1090,40,,,0,94,,1091,40,,,0,86,,1078,40,,,0,103,,1079,40,,,0,101,,1080,40,,,0,99,,1081,40,,,0,100,,1082,40,,,0,94,,1070,40,,,0
10500,'Week-end-01',738,,150,40,,,0,170,,151,40,,,0,130,,152,40,,,0,170,,153,40,,,0,130,,154,40,,,0,170,,155,40,,,0,130,,156,40,,,0,170,,157,40,,,0,130,,158,40,,,0,170,,159,40,,,0,130,,160,40,,,0,170,,161,40,,,0,40,,162,40,,,0
10800,'Semaine-01',1551,,316,40,,,0,60,,323,40,,,0,30,,318,40,,,0,70,,324,40,,,0,30,,319,40,,,0,60,,317,40,,,0,21,,320,40,,,0,25,,321,40,,,0,69,,322,40,,,0
10800,'Semaine-05',1551,,1157,40,,,0,60,,1164,40,,,0,30,,1159,40,,,0,70,,1165,40,,,0,30,,1160,40,,,0,60,,1158,40,,,0,21,,1161,40,,,0,25,,1162,40,,,0,69,,1163,40,,,0
38500,'Semaine-01',502,,469,40,,,0,39,,470,40,,,0,63,,471,40,,,0,34,,472,40,,,0,64,,473,40,,,0,39,,474,40,,,0
38500,'Semaine-05',502,,1235,40,,,0,39,,1236,40,,,0,63,,1237,40,,,0,34,,1238,40,,,0,64,,1239,40,,,0,39,,1240,40,,,0
48200,'Semaine-01',1613,,815,60,,,1,31,,818,60,,,1,70,,817,60,,,1,30,,813,60,,,1,68,,814,60,,,1,25,,816,60,,,1
48200,'Semaine-05',1613,,1370,60,,,1,31,,1373,60,,,1,70,,1372,60,,,1,30,,1368,60,,,1,68,,1369,60,,,1,25,,1371,60,,,1
68100,'Semaine-01',545,,978,160,,,0,303,,983,260,,,0,772,,975,330,,,0,110,,988,260,,,0,90,,985,260,,,0,94,,974,330,,,0
68100,'Semaine-05',545,,1449,160,,,0,303,,1454,260,,,0,772,,1446,330,,,0,110,,1459,260,,,0,90,,1456,260,,,0,94,,1445,330,,,0
