10500,'Fête-1-01',740,,80,70,,,0,170,,81,70,,,0,130,,82,70,,,0,170,,83,70,,,0,130,,84,70,,,0,170,,85,70,,,0,130,,86,70,,,0,170,,87,70,,,0,130,,88,70,,,0,170,,89,70,,,0,130,,90,70,,,0,170,,91,70,,,0,40,,92,70,,,0
10500,'Semaine-01',551,,134,70,,,0,70,,135,70,,,0,30,,136,70,,,0,59,,137,70,,,0,40,,138,70,,,0,155,,122,70,,,0,98,,123,70,,,0,108,,124,70,,,0,94,,125,70,,,0,106,,126,70,,,0,94,,127,70,,,0,106,,128,70,,,0,115,,148,70,,,0,18,,143,70,,,0,61,,144,70,,,0,43,,139,70,,,0,57,,140,70,,,0,20,,141,70,,,0,94,,142,70,,,0,86,,129,70,,,0,103,,130,70,,,0,101,,131,70,,,0,99,,132,70,,,0,100,,133,70,,,0,94,,121,70,,,0
10500,'Semaine-05',551,,1083,70,,,0,70,,1084,70,,,0,30,,1085,70,,,0,59,,1086,70,,,0,40,,1087,70,,,0,155,,1071,70,,,0,98,,1072,70,,,0,108,,1073,70,,,0,94,,1074,70,,,0,106,,1075,70,,,0,94,,1076,70,,,0,106,,1077,70,,,0,115,,1097,70,,,0,18,,1092,70,,,0,61,,1093,70,,,0,43,,1088,70,,,0,57,,1089,70,,,0,20,,1090,70,,,0,94,,1091,70,,,0,86,,1078,70,,,0,103,,1079,70,,,0,101,,1080,70,,,0,99,,1081,70,,,0,100,,1082,70,,,0,94,,1070,70,,,0
10500,'Week-end-01',740,,150,70,,,0,170,,151,70,,,0,130,,152,70,,,0,170,,153,70,,,0,130,,154,70,,,0,170,,155,70,,,0,130,,156,70,,,0,170,,157,70,,,0,130,,158,70,,,0,170,,159,70,,,0,130,,160,70,,,0,170,,161,70,,,0,40,,162,70,,,0
10601,'Semaine-01',1539,,210,160,,,0,20,,205,160,,,0,60,,206,160,,,0,20,,207,160,,,0,20,,208,160,,,0,60,,201,160,,,0,20,,199,160,,,0,20,,200,160,,,0,60,,203,160,,,0,20,,202,160,,,0,20,,204,160,,,0,62,,209,160,,,0
10601,'Semaine-05',1539,,1121,160,,,0,20,,1116,160,,,0,60,,1117,160,,,0,20,,1118,160,,,0,20,,1119,160,,,0,60,,1112,160,,,0,20,,1110,160,,,0,20,,1111,160,,,0,60,,1114,160,,,0,20,,1113,160,,,0,20,,1115,160,,,0,62,,1120,160,,,0
10800,'Semaine-01',1553,,316,70,,,0,60,,323,70,,,0,30,,318,70,,,0,70,,324,70,,,0,30,,319,70,,,0,60,,317,70,,,0,21,,320,70,,,0,25,,321,70,,,0,69,,322,70,,,0
10800,'Semaine-05',1553,,1157,70,,,0,60,,1164,70,,,0,30,,1159,70,,,0,70,,1165,70,,,0,30,,1160,70,,,0,60,,1158,70,,,0,21,,1161,70,,,0,25,,1162,70,,,0,69,,1163,70,,,0
48500,'Semaine-01',1612,,851,180,,,0,30,,852,180,,,0,15,,853,180,,,0,55,,854,180,,,0,16,,855,180,,,0,15,,856,180,,,0,15,,857,180,,,0,53,,858,180,,,0,15,,859,180,,,0,14,,860,180,,,0
48500,'Semaine-05',1612,,1390,180,,,0,30,,1391,180,,,0,15,,1392,180,,,0,55,,1393,180,,,0,16,,1394,180,,,0,15,,1395,180,,,0,15,,1396,180,,,0,53,,1397,180,,,0,15,,1398,180,,,0,14,,1399,180,,,0
