10800,'Fête-2-01',1549,,307,10,,,0,60,,314,10,,,0,30,,309,10,,,0,70,,315,10,,,0,30,,310,10,,,0,20,,308,10,,,0,61,,311,10,,,0,25,,312,10,,,0,69,,313,10,,,0
10800,'Semaine-01',1549,,316,10,,,0,60,,323,10,,,0,30,,318,10,,,0,70,,324,10,,,0,30,,319,10,,,0,20,,317,10,,,0,61,,320,10,,,0,25,,321,10,,,0,69,,322,10,,,0
10801,'Fête-2-01',549,,326,180,4,,0,75,,327,180,4,,0,32,,328,180,4,,0,58,,329,180,4,,0,40,,325,180,4,,0,65,,330,180,4,,0
10801,'Semaine-01',549,,332,180,4,,0,75,,333,180,4,,0,32,,334,180,4,,0,58,,335,180,4,,0,40,,331,180,4,,0,65,,336,180,4,,0
10900,'Fête-2-01',1151,,337,180,4,,0,200,,338,180,4,,0,169,,339,180,4,,0,135,,340,180,4,,0,149,,341,180,4,,0
10900,'Semaine-01',1151,,342,180,4,,0,200,,343,180,4,,0,169,,344,180,4,,0,135,,345,180,4,,0,149,,346,180,4,,0
10901,'Fête-2-01',600,,347,10,,,0,30,,348,10,,,0,70,,349,10,,,0,25,,350,10,,,0
10901,'Semaine-01',600,,351,10,,,0,30,,352,10,,,0,70,,353,10,,,0,25,,354,10,,,0
38300,'Fête-2-01',1242,,417,10,,,0,200,,416,10,,,0,101,,418,10,,,0,158,,419,10,,,0,58,,420,10,,,0,93,,421,10,,,0,84,,415,10,,,0
38300,'Semaine-01',1242,,424,10,,,0,200,,423,10,,,0,101,,425,10,,,0,158,,426,10,,,0,58,,427,10,,,0,93,,428,10,,,0,84,,422,10,,,0
38301,'Fête-2-01',614,,431,230,4,,0,100,,432,230,4,,0,32,,430,230,4,,0,71,,429,230,4,,0,28,,433,230,4,,0,80,,434,230,4,,0,99,,435,230,4,,0
38301,'Semaine-01',614,,438,230,4,,0,100,,439,230,4,,0,32,,437,230,4,,0,71,,436,230,4,,0,28,,440,230,4,,0,80,,441,230,4,,0,99,,442,230,4,,0
38500,'Fête-2-01',458,,463,10,,,0,79,,464,10,,,0,63,,465,10,,,0,34,,466,10,,,0,24,,467,10,,,0,79,,468,10,,,0
38500,'Semaine-01',458,,469,10,,,0,79,,470,10,,,0,63,,471,10,,,0,34,,472,10,,,0,24,,473,10,,,0,79,,474,10,,,0
38501,'Fête-2-01',1514,,475,180,4,,0,32,,476,180,4,,0,71,,477,180,4,,0,30,,478,180,4,,0,70,,479,180,4,,0
38501,'Semaine-01',1514,,480,180,4,,0,32,,481,180,4,,0,71,,482,180,4,,0,30,,483,180,4,,0,70,,484,180,4,,0
