10500,'Fête-1-01',707,,79,520,0,5,0,130,,80,820,,,0,170,,81,820,,,0,130,,82,820,,,0,170,,83,820,,,0,130,,84,820,,,0,170,,85,820,,,0,130,,86,820,,,0,170,,87,820,,,0,130,,88,820,,,0,170,,89,820,,,0,130,,90,820,,,0,170,,91,820,,,0
10500,'Semaine-01',533,,145,520,0,5,0,75,,146,520,0,5,0,30,,147,520,0,5,0,13,,134,820,,,0,70,,135,820,,,0,30,,136,820,,,0,59,,137,820,,,0,40,,138,820,,,0,152,,122,820,,,0,98,,123,820,,,0,108,,124,820,,,0,94,,125,820,,,0,106,,126,820,,,0,94,,127,820,,,0,115,,128,820,,,0,115,,148,820,,,0,18,,143,820,,,0,60,,144,820,,,0,43,,139,820,,,0,54,,140,820,,,0,17,,141,820,,,0,92,,142,820,,,0,86,,129,820,,,0,103,,130,820,,,0,101,,131,820,,,0,99,,132,820,,,0
10500,'Semaine-05',533,,1094,520,0,5,0,75,,1095,520,0,5,0,30,,1096,520,0,5,0,13,,1083,820,,,0,70,,1084,820,,,0,30,,1085,820,,,0,59,,1086,820,,,0,40,,1087,820,,,0,152,,1071,820,,,0,98,,1072,820,,,0,108,,1073,820,,,0,94,,1074,820,,,0,106,,1075,820,,,0,94,,1076,820,,,0,115,,1077,820,,,0,115,,1097,820,,,0,18,,1092,820,,,0,60,,1093,820,,,0,43,,1088,820,,,0,54,,1089,820,,,0,17,,1090,820,,,0,92,,1091,820,,,0,86,,1078,820,,,0,103,,1079,820,,,0,101,,1080,820,,,0,99,,1081,820,,,0
10500,'Week-end-01',707,,149,520,0,5,0,130,,150,820,,,0,170,,151,820,,,0,130,,152,820,,,0,170,,153,820,,,0,130,,154,820,,,0,170,,155,820,,,0,130,,156,820,,,0,170,,157,820,,,0,130,,158,820,,,0,170,,159,820,,,0,130,,160,820,,,0,170,,161,820,,,0
10801,'Semaine-01',547,,332,160,4,,0,75,,333,160,4,,0,32,,334,160,4,,0,58,,335,160,4,,0,40,,331,160,4,,0,65,,336,160,4,,0
10801,'Semaine-05',547,,1167,160,4,,0,75,,1168,160,4,,0,32,,1169,160,4,,0,58,,1170,160,4,,0,40,,1166,160,4,,0,65,,1171,160,4,,0
38501,'Semaine-01',1510,,480,160,,,0,32,,481,160,,,0,71,,482,160,,,0,30,,483,160,,,0,70,,484,160,,,0
38501,'Semaine-05',1510,,1241,160,,,0,32,,1242,160,,,0,71,,1243,160,,,0,30,,1244,160,,,0,70,,1245,160,,,0
48201,'Semaine-01',626,,828,60,,,1,23,,830,60,,,1,57,,832,60,,,1,38,,833,60,,,1,15,,827,60,,,1,70,,829,60,,,1,20,,831,60,,,1,65,,834,60,,,1
48201,'Semaine-05',626,,1375,60,,,1,23,,1377,60,,,1,57,,1379,60,,,1,38,,1380,60,,,1,15,,1374,60,,,1,70,,1376,60,,,1,20,,1378,60,,,1,65,,1381,60,,,1
68101,'Semaine-01',556,,1024,90,,,0,87,,1022,90,,,0,83,,1025,90,,,0,100,,1026,90,,,0,80,,1014,90,,,0,805,,1029,90,,,0
68101,'Semaine-05',556,,1476,90,,,0,87,,1474,90,,,0,83,,1477,90,,,0,100,,1478,90,,,0,80,,1466,90,,,0,805,,1481,90,,,0
