10601,'Fête-2-01',1548,,198,260,,,0,60,,193,260,,,0,20,,194,260,,,0,20,,195,260,,,0,60,,196,260,,,0,20,,189,260,,,0,20,,187,260,,,0,60,,188,260,,,0,20,,191,260,,,0,20,,190,260,,,0,60,,192,260,,,0,22,,197,260,,,0
10601,'Semaine-01',1548,,210,260,,,0,60,,205,260,,,0,20,,206,260,,,0,20,,207,260,,,0,60,,208,260,,,0,20,,201,260,,,0,20,,199,260,,,0,60,,200,260,,,0,20,,203,260,,,0,20,,202,260,,,0,60,,204,260,,,0,22,,209,260,,,0
10700,'Fête-2-01',502,,222,200,,,0,27,,218,200,,,0,20,,219,200,,,0,60,,220,200,,,0,20,,221,200,,,0,20,,217,200,,,0,60,,211,200,,,0,20,,212,200,,,0,20,,214,200,,,0,60,,216,200,,,0,20,,215,200,,,0,24,,213,200,,,0
10700,'Semaine-01',502,,234,200,,,0,27,,230,200,,,0,20,,231,200,,,0,60,,232,200,,,0,20,,233,200,,,0,20,,229,200,,,0,60,,223,200,,,0,20,,224,200,,,0,20,,226,200,,,0,60,,228,200,,,0,20,,227,200,,,0,24,,225,200,,,0
10900,'Fête-2-01',1149,,337,170,4,,0,200,,338,170,4,,0,169,,339,170,4,,0,135,,340,170,4,,0,149,,341,170,4,,0
10900,'Semaine-01',1149,,342,170,4,,0,200,,343,170,4,,0,169,,344,170,4,,0,135,,345,170,4,,0,149,,346,170,4,,0
38301,'Fête-2-01',611,,431,220,,,0,100,,432,220,,,0,32,,430,220,,,0,71,,429,220,,,0,28,,433,220,,,0,80,,434,220,,,0,99,,435,220,,,0
38301,'Semaine-01',611,,438,220,,,0,100,,439,220,,,0,32,,437,220,,,0,71,,436,220,,,0,28,,440,220,,,0,80,,441,220,,,0,99,,442,220,,,0
48801,'Semaine-01',600,,919,200,,,0,20,,920,200,,,0,21,,921,200,,,0,60,,922,200,,,0,20,,917,200,,,0,20,,918,200,,,0,60,,916,200,,,0,20,,915,200,,,0
68000,'Fête-1-01',856,,923,240,,,0,166,,924,240,,,0,134,,925,240,,,0,169,,926,240,,,0,130,,927,240,,,0,170,,928,240,,,0,128,,929,240,,,0,167,,930,240,,,0
68000,'Week-end-01',856,,931,240,,,0,166,,932,240,,,0,134,,933,240,,,0,169,,934,240,,,0,130,,935,240,,,0,170,,936,240,,,0,128,,937,240,,,0,167,,938,240,,,0
68100,'Fête-2-01',542,,960,120,,,0,198,,959,220,,,0,104,,965,220,,,0,104,,966,220,,,0,152,,955,290,,,0,54,,961,220,,,0,105,,962,290,,,0,95,,963,220,,,0,105,,964,290,,,0,156,,957,290,,,0,109,,970,220,,,0,90,,967,220,,,0,95,,956,290,,,0,44,,971,270,,,0,103,,972,290,,,0,101,,958,270,,,0,99,,968,290,,,0,101,,969,290,,,0
68100,'Semaine-01',542,,978,120,,,0,198,,977,220,,,0,104,,983,220,,,0,104,,984,220,,,0,152,,973,290,,,0,54,,979,220,,,0,105,,980,290,,,0,95,,981,220,,,0,105,,982,290,,,0,156,,975,290,,,0,109,,988,220,,,0,90,,985,220,,,0,95,,974,290,,,0,44,,989,270,,,0,103,,990,290,,,0,101,,976,270,,,0,99,,986,290,,,0,101,,987,290,,,0
68501,'Fête-2-01',703,,1037,120,,,0,100,,1038,120,,,0,208,,1039,120,,,0,203,,1036,120,,,0
68501,'Semaine-01',703,,1042,120,,,0,100,,1043,120,,,0,208,,1044,120,,,0,203,,1041,120,,,0
