10400,'Fête-1-01',608,,1,120,,,1,130,,2,120,,,1,170,,3,120,,,1,130,,4,120,,,1,170,,5,120,,,1,130,,6,120,,,1,170,,7,120,,,1,130,,8,120,,,1,170,,9,120,,,1,130,,10,120,,,1,170,,11,120,,,1,130,,12,120,,,1,170,,13,120,,,1,130,,14,120,,,1
10400,'Fête-2-01',916,,33,120,,,1,30,,20,120,,,1,70,,34,120,,,1,30,,21,120,,,1,70,,35,120,,,1,30,,22,120,,,1,70,,36,120,,,1,30,,23,120,,,1,70,,37,120,,,1,30,,24,120,,,1,70,,38,120,,,1,30,,25,120,,,1,71,,26,120,,,1,424,,39,120,,,1,71,,15,120,,,1,29,,27,120,,,1,70,,16,120,,,1,30,,28,120,,,1,70,,17,120,,,1,30,,29,120,,,1,70,,18,120,,,1,30,,30,120,,,1,70,,19,120,,,1,30,,31,120,,,1,93,,32,120,,,1
10400,'Semaine-01',916,,58,120,,,1,30,,45,120,,,1,70,,59,120,,,1,30,,46,120,,,1,70,,60,120,,,1,30,,47,120,,,1,70,,61,120,,,1,30,,48,120,,,1,70,,62,120,,,1,30,,49,120,,,1,70,,63,120,,,1,30,,50,120,,,1,71,,51,120,,,1,424,,64,120,,,1,71,,40,120,,,1,29,,52,120,,,1,70,,41,120,,,1,30,,53,120,,,1,70,,42,120,,,1,30,,54,120,,,1,70,,43,120,,,1,30,,55,120,,,1,70,,44,120,,,1,30,,56,120,,,1,93,,57,120,,,1
10400,'Week-end-01',608,,65,120,,,1,130,,66,120,,,1,170,,67,120,,,1,130,,68,120,,,1,170,,69,120,,,1,130,,70,120,,,1,170,,71,120,,,1,130,,72,120,,,1,170,,73,120,,,1,130,,74,120,,,1,170,,75,120,,,1,130,,76,120,,,1,170,,77,120,,,1,130,,78,120,,,1
38300,'Fête-2-01',1255,,417,150,,,0,200,,416,150,,,0,101,,418,150,,,0,158,,419,150,,,0,98,,420,150,,,0,93,,421,150,,,0,44,,415,150,,,0
38300,'Semaine-01',1255,,424,150,,,0,200,,423,150,,,0,101,,425,150,,,0,158,,426,150,,,0,98,,427,150,,,0,93,,428,150,,,0,44,,422,150,,,0
48400,'Fête-2-01',1707,,843,180,,,0,101,,844,180,,,0
48400,'Semaine-01',1707,,845,180,,,0,101,,846,180,,,0
48800,'Semaine-01',1624,,907,130,,,0,14,,908,130,,,0,68,,909,130,,,0,18,,910,130,,,0,21,,911,130,,,0,60,,912,130,,,0,17,,913,130,,,0,21,,914,130,,,0
48801,'Semaine-01',547,,919,60,,,0,60,,920,60,,,0,20,,921,60,,,0,20,,922,60,,,0,61,,917,60,,,0,20,,918,60,,,0,20,,916,60,,,0,60,,915,60,,,0
