10900,'Semaine-01',1146,,342,100,4,,0,200,,343,100,4,,0,169,,344,100,4,,0,135,,345,100,4,,0,109,,346,100,4,,0
10900,'Semaine-05',1146,,1172,100,4,,0,200,,1173,100,4,,0,169,,1174,100,4,,0,135,,1175,100,4,,0,109,,1176,100,4,,0
38301,'Semaine-01',608,,438,150,,,0,100,,439,150,,,0,32,,437,150,,,0,71,,436,150,,,0,28,,440,150,,,0,80,,441,150,,,0,99,,442,150,,,0
38301,'Semaine-05',608,,1220,150,,,0,100,,1221,150,,,0,32,,1219,150,,,0,71,,1218,150,,,0,28,,1222,150,,,0,80,,1223,150,,,0,99,,1224,150,,,0
68000,'Fête-1-01',848,,923,170,,,0,166,,924,170,,,0,136,,925,170,,,0,167,,926,170,,,0,130,,927,170,,,0,170,,928,170,,,0,128,,929,170,,,0,167,,930,170,,,0
68000,'Week-end-01',848,,931,170,,,0,166,,932,170,,,0,136,,933,170,,,0,167,,934,170,,,0,130,,935,170,,,0,170,,936,170,,,0,128,,937,170,,,0,167,,938,170,,,0
68100,'Semaine-01',538,,978,50,,,0,198,,977,150,,,0,101,,983,150,,,0,105,,984,150,,,0,111,,973,220,,,0,93,,979,150,,,0,105,,980,220,,,0,95,,981,150,,,0,105,,982,220,,,0,155,,975,220,,,0,107,,988,150,,,0,92,,985,150,,,0,96,,974,220,,,0,44,,989,200,,,0,103,,990,220,,,0,101,,976,200,,,0,101,,986,220,,,0,101,,987,220,,,0
68100,'Semaine-05',538,,1449,50,,,0,198,,1448,150,,,0,101,,1454,150,,,0,105,,1455,150,,,0,111,,1444,220,,,0,93,,1450,150,,,0,105,,1451,220,,,0,95,,1452,150,,,0,105,,1453,220,,,0,155,,1446,220,,,0,107,,1459,150,,,0,92,,1456,150,,,0,96,,1445,220,,,0,44,,1460,200,,,0,103,,1461,220,,,0,101,,1447,200,,,0,101,,1457,220,,,0,101,,1458,220,,,0
68501,'Semaine-01',658,,1042,50,,,0,100,,1043,50,,,0,248,,1044,50,,,0,203,,1041,50,,,0
68501,'Semaine-05',658,,1487,50,,,0,100,,1488,50,,,0,248,,1489,50,,,0,203,,1486,50,,,0
