68000,'Fête-1-01',859,,923,250,4,,0,166,,924,250,4,,0,133,,925,250,4,,0,170,,926,250,4,,0,130,,927,250,4,,0,170,,928,250,4,,0,128,,929,250,4,,0,167,,930,250,4,,0
68000,'Week-end-01',859,,931,250,4,,0,166,,932,250,4,,0,133,,933,250,4,,0,170,,934,250,4,,0,130,,935,250,4,,0,170,,936,250,4,,0,128,,937,250,4,,0,167,,938,250,4,,0
68001,'Fête-1-01',720,,946,10,,,0,130,,939,10,,,0,170,,940,10,,,0,130,,941,10,,,0,170,,942,10,,,0,130,,943,10,,,0,170,,944,10,,,0,130,,945,10,,,0
68001,'Week-end-01',720,,954,10,,,0,130,,947,10,,,0,170,,948,10,,,0,130,,949,10,,,0,170,,950,10,,,0,130,,951,10,,,0,170,,952,10,,,0,130,,953,10,,,0
68100,'Fête-2-01',544,,960,130,,,0,198,,959,230,4,,0,104,,965,230,,,0,104,,966,230,4,,0,152,,955,300,4,,0,54,,961,230,4,,0,145,,962,300,4,,0,55,,963,230,4,,0,145,,964,300,4,,0,116,,957,300,,,0,110,,970,230,,,0,90,,967,230,,,0,94,,956,300,,,0,44,,971,280,4,,0,103,,972,300,4,,0,101,,958,280,4,,0,99,,968,300,4,,0,101,,969,300,4,,0
68100,'Semaine-01',544,,978,130,,,0,198,,977,230,4,,0,104,,983,230,,,0,104,,984,230,4,,0,152,,973,300,4,,0,54,,979,230,4,,0,145,,980,300,4,,0,55,,981,230,4,,0,145,,982,300,4,,0,116,,975,300,,,0,110,,988,230,,,0,90,,985,230,,,0,94,,974,300,,,0,44,,989,280,4,,0,103,,990,300,4,,0,101,,976,280,4,,0,99,,986,300,4,,0,101,,987,300,4,,0
68101,'Fête-2-01',558,,1004,110,,,0,87,,1002,110,,,0,83,,1005,110,,,0,72,,991,10,,,0,28,,1006,110,,,0,80,,994,110,,,0,100,,995,10,,,0,100,,996,10,,,0,106,,997,10,,,0,96,,998,10,,,0,106,,992,10,,,0,92,,993,10,,,0,115,,1008,10,,,0,90,,1009,110,,,0,95,,1001,10,,,0,107,,1003,10,,,0,109,,1007,10,,,0,86,,1000,10,,,0,103,,999,10,,,0
68101,'Semaine-01',558,,1024,110,,,0,87,,1022,110,,,0,55,,1011,10,,,0,28,,1025,110,,,0,72,,1010,10,,,0,28,,1026,110,,,0,80,,1014,110,,,0,100,,1015,10,,,0,100,,1016,10,,,0,106,,1017,10,,,0,96,,1018,10,,,0,106,,1012,10,,,0,92,,1013,10,,,0,115,,1028,10,,,0,90,,1029,110,,,0,95,,1021,10,,,0,107,,1023,10,,,0,109,,1027,10,,,0,86,,1020,10,,,0,103,,1019,10,,,0
68500,'Fête-2-01',1333,,1032,110,,,0,323,,1030,110,,,0,191,,1031,110,,,0
68500,'Semaine-01',1333,,1035,110,,,0,323,,1033,110,,,0,191,,1034,110,,,0
68501,'Fête-2-01',705,,1037,130,,,0,100,,1038,130,,,0,208,,1039,130,,,0,203,,1036,130,,,0
68501,'Semaine-01',705,,1042,130,,,0,5,,1040,10,,,0,95,,1043,130,,,0,208,,1044,130,,,0,203,,1041,130,,,0
