10901,'Fête-2-01',607,,347,120,,,0,30,,348,120,,,0,70,,349,120,,,0,25,,350,120,,,0
10901,'Semaine-01',607,,351,120,,,0,30,,352,120,,,0,70,,353,120,,,0,25,,354,120,,,0
38300,'Fête-2-01',1249,,417,120,,,0,200,,416,120,,,0,101,,418,120,,,0,158,,419,120,,,0,98,,420,120,,,0,53,,421,120,,,0,84,,415,120,,,0
38300,'Semaine-01',1249,,424,120,,,0,200,,423,120,,,0,101,,425,120,,,0,158,,426,120,,,0,98,,427,120,,,0,53,,428,120,,,0,84,,422,120,,,0
38301,'Fête-2-01',601,,431,110,,,0,100,,432,110,,,0,32,,430,110,,,0,71,,429,110,,,0,28,,433,110,,,0,80,,434,110,,,0,99,,435,110,,,0
38301,'Semaine-01',601,,438,110,,,0,100,,439,110,,,0,32,,437,110,,,0,71,,436,110,,,0,28,,440,110,,,0,80,,441,110,,,0,99,,442,110,,,0
48401,'Fête-2-01',605,,847,50,,,0,100,,848,50,,,0
48401,'Semaine-01',605,,849,50,,,0,100,,850,50,,,0
68001,'Fête-1-01',726,,946,110,,,0,130,,939,110,,,0,170,,940,110,,,0,130,,941,110,,,0,170,,942,110,,,0,130,,943,110,,,0,170,,944,110,,,0,130,,945,110,,,0
68001,'Week-end-01',726,,954,110,,,0,130,,947,110,,,0,170,,948,110,,,0,130,,949,110,,,0,170,,950,110,,,0,130,,951,110,,,0,170,,952,110,,,0,130,,953,110,,,0
68101,'Fête-2-01',606,,1004,210,,,0,48,,1002,210,,,0,83,,1005,210,,,0,71,,991,110,,,0,28,,1006,210,,,0,80,,994,210,,,0,99,,995,110,,,0,101,,996,110,,,0,105,,997,110,,,0,97,,998,110,,,0,106,,992,110,,,0,92,,993,110,,,0,115,,1008,110,,,0,90,,1009,210,,,0,95,,1001,110,,,0,106,,1003,110,,,0,109,,1007,110,,,0,87,,1000,110,,,0,103,,999,110,,,0
68101,'Semaine-01',606,,1024,210,,,0,48,,1022,210,,,0,55,,1011,110,,,0,28,,1025,210,,,0,71,,1010,110,,,0,28,,1026,210,,,0,80,,1014,210,,,0,99,,1015,110,,,0,101,,1016,110,,,0,105,,1017,110,,,0,97,,1018,110,,,0,106,,1012,110,,,0,92,,1013,110,,,0,115,,1028,110,,,0,90,,1029,210,,,0,95,,1021,110,,,0,106,,1023,110,,,0,109,,1027,110,,,0,87,,1020,110,,,0,103,,1019,110,,,0
68500,'Fête-2-01',1342,,1032,210,,,0,364,,1030,210,,,0,150,,1031,210,,,0
68500,'Semaine-01',1342,,1035,210,,,0,364,,1033,210,,,0,150,,1034,210,,,0
