10400,'Fête-1-01',604,,1,60,,,1,130,,2,60,,,1,170,,3,60,,,1,130,,4,60,,,1,170,,5,60,,,1,130,,6,60,,,1,170,,7,60,,,1,130,,8,60,,,1,170,,9,60,,,1,130,,10,60,,,1,170,,11,60,,,1,130,,12,60,,,1,170,,13,60,,,1,130,,14,60,,,1
10400,'Semaine-01',912,,58,60,,,1,30,,45,60,,,1,70,,59,60,,,1,30,,46,60,,,1,70,,60,60,,,1,30,,47,60,,,1,70,,61,60,,,1,30,,48,60,,,1,70,,62,60,,,1,30,,49,60,,,1,70,,63,60,,,1,30,,50,60,,,1,70,,51,60,,,1,425,,64,60,,,1,71,,40,60,,,1,29,,52,60,,,1,70,,41,60,,,1,30,,53,60,,,1,70,,42,60,,,1,30,,54,60,,,1,70,,43,60,,,1,30,,55,60,,,1,70,,44,60,,,1,30,,56,60,,,1,93,,57,60,,,1
10400,'Semaine-05',912,,1063,60,,,1,30,,1050,60,,,1,70,,1064,60,,,1,30,,1051,60,,,1,70,,1065,60,,,1,30,,1052,60,,,1,70,,1066,60,,,1,30,,1053,60,,,1,70,,1067,60,,,1,30,,1054,60,,,1,70,,1068,60,,,1,30,,1055,60,,,1,70,,1056,60,,,1,425,,1069,60,,,1,71,,1045,60,,,1,29,,1057,60,,,1,70,,1046,60,,,1,30,,1058,60,,,1,70,,1047,60,,,1,30,,1059,60,,,1,70,,1048,60,,,1,30,,1060,60,,,1,70,,1049,60,,,1,30,,1061,60,,,1,93,,1062,60,,,1
10400,'Week-end-01',604,,65,60,,,1,130,,66,60,,,1,170,,67,60,,,1,130,,68,60,,,1,170,,69,60,,,1,130,,70,60,,,1,170,,71,60,,,1,130,,72,60,,,1,170,,73,60,,,1,130,,74,60,,,1,170,,75,60,,,1,130,,76,60,,,1,170,,77,60,,,1,130,,78,60,,,1
10600,'Semaine-01',458,,186,60,,,0,60,,182,60,,,0,20,,183,60,,,0,20,,184,60,,,0,60,,179,60,,,0,20,,181,60,,,0,20,,180,60,,,0,60,,177,60,,,0,20,,178,60,,,0,20,,175,60,,,0,60,,176,60,,,0,20,,185,60,,,0
10600,'Semaine-05',458,,1109,60,,,0,60,,1105,60,,,0,20,,1106,60,,,0,20,,1107,60,,,0,60,,1102,60,,,0,20,,1104,60,,,0,20,,1103,60,,,0,60,,1100,60,,,0,20,,1101,60,,,0,20,,1098,60,,,0,60,,1099,60,,,0,20,,1108,60,,,0
10701,'Fête-1-01',533,,247,50,,,0,125,,235,50,,,0,170,,236,50,,,0,130,,237,50,,,0,170,,238,50,,,0,130,,239,50,,,0,170,,240,50,,,0,130,,241,50,,,0,170,,242,50,,,0,130,,243,50,,,0,170,,244,50,,,0,130,,245,50,,,0,170,,246,50,,,0
10701,'Semaine-01',930,,284,50,,,0,100,,285,50,,,0,100,,286,50,,,0,100,,287,50,,,0,100,,281,50,,,0,100,,282,50,,,0,105,,293,50,,,0,20,,271,50,,,0,60,,272,50,,,0,20,,273,50,,,0,20,,274,50,,,0,60,,275,50,,,0,20,,276,50,,,0,20,,277,50,,,0,60,,278,50,,,0,20,,279,50,,,0,20,,280,50,,,0,82,,288,50,,,0,93,,289,50,,,0,100,,290,50,,,0,100,,291,50,,,0,100,,292,50,,,0,100,,283,50,,,0
10701,'Semaine-05',930,,1147,50,,,0,100,,1148,50,,,0,100,,1149,50,,,0,100,,1150,50,,,0,100,,1144,50,,,0,100,,1145,50,,,0,105,,1156,50,,,0,20,,1134,50,,,0,60,,1135,50,,,0,20,,1136,50,,,0,20,,1137,50,,,0,60,,1138,50,,,0,20,,1139,50,,,0,20,,1140,50,,,0,60,,1141,50,,,0,20,,1142,50,,,0,20,,1143,50,,,0,82,,1151,50,,,0,93,,1152,50,,,0,100,,1153,50,,,0,100,,1154,50,,,0,100,,1155,50,,,0,100,,1146,50,,,0
10701,'Week-end-01',533,,306,50,,,0,125,,294,50,,,0,170,,295,50,,,0,130,,296,50,,,0,170,,297,50,,,0,130,,298,50,,,0,170,,299,50,,,0,130,,300,50,,,0,170,,301,50,,,0,130,,302,50,,,0,170,,303,50,,,0,130,,304,50,,,0,170,,305,50,,,0
10901,'Semaine-01',603,,351,60,,,0,30,,352,60,,,0,70,,353,60,,,0,25,,354,60,,,0
10901,'Semaine-05',603,,1177,60,,,0,30,,1178,60,,,0,70,,1179,60,,,0,25,,1180,60,,,0
38300,'Semaine-01',1245,,424,60,,,0,200,,423,60,,,0,101,,425,60,,,0,158,,426,60,,,0,98,,427,60,,,0,53,,428,60,,,0,84,,422,60,,,0
38300,'Semaine-05',1245,,1213,60,,,0,200,,1212,60,,,0,101,,1214,60,,,0,158,,1215,60,,,0,98,,1216,60,,,0,53,,1217,60,,,0,84,,1211,60,,,0
48800,'Semaine-01',1619,,907,70,,,0,14,,908,70,,,0,68,,909,70,,,0,18,,910,70,,,0,21,,911,70,,,0,60,,912,70,,,0,17,,913,70,,,0,21,,914,70,,,0
48800,'Semaine-05',1619,,1428,70,,,0,14,,1429,70,,,0,68,,1430,70,,,0,18,,1431,70,,,0,21,,1432,70,,,0,60,,1433,70,,,0,17,,1434,70,,,0,21,,1435,70,,,0
68001,'Fête-1-01',723,,946,50,,,0,130,,939,50,,,0,170,,940,50,,,0,130,,941,50,,,0,170,,942,50,,,0,130,,943,50,,,0,170,,944,50,,,0,130,,945,50,,,0
68001,'Week-end-01',723,,954,50,,,0,130,,947,50,,,0,170,,948,50,,,0,130,,949,50,,,0,170,,950,50,,,0,130,,951,50,,,0,170,,952,50,,,0,130,,953,50,,,0
68101,'Semaine-01',602,,1024,150,,,0,47,,1022,150,,,0,55,,1011,50,,,0,28,,1025,150,,,0,71,,1010,50,,,0,29,,1026,150,,,0,79,,1014,150,,,0,100,,1015,50,,,0,100,,1016,50,,,0,106,,1017,50,,,0,96,,1018,50,,,0,106,,1012,50,,,0,93,,1013,50,,,0,115,,1028,50,,,0,90,,1029,150,,,0,95,,1021,50,,,0,106,,1023,50,,,0,109,,1027,50,,,0,87,,1020,50,,,0,103,,1019,50,,,0
68101,'Semaine-05',602,,1476,150,,,0,47,,1474,150,,,0,55,,1463,50,,,0,28,,1477,150,,,0,71,,1462,50,,,0,29,,1478,150,,,0,79,,1466,150,,,0,100,,1467,50,,,0,100,,1468,50,,,0,106,,1469,50,,,0,96,,1470,50,,,0,106,,1464,50,,,0,93,,1465,50,,,0,115,,1480,50,,,0,90,,1481,150,,,0,95,,1473,50,,,0,106,,1475,50,,,0,109,,1479,50,,,0,87,,1472,50,,,0,103,,1471,50,,,0
68500,'Semaine-01',1337,,1035,150,,,0,363,,1033,150,,,0,150,,1034,150,,,0
68500,'Semaine-05',1337,,1484,150,,,0,363,,1482,150,,,0,150,,1483,150,,,0
