10900,'Semaine-01',1145,,342,80,4,,0,200,,343,80,4,,0,169,,344,80,4,,0,135,,345,80,4,,0,109,,346,80,4,,0
10900,'Semaine-05',1145,,1172,80,4,,0,200,,1173,80,4,,0,169,,1174,80,4,,0,135,,1175,80,4,,0,109,,1176,80,4,,0
38301,'Semaine-01',607,,438,130,,,0,100,,439,130,,,0,32,,437,130,,,0,71,,436,130,,,0,28,,440,130,,,0,80,,441,130,,,0,99,,442,130,,,0
38301,'Semaine-05',607,,1220,130,,,0,100,,1221,130,,,0,32,,1219,130,,,0,71,,1218,130,,,0,28,,1222,130,,,0,80,,1223,130,,,0,99,,1224,130,,,0
68000,'Fête-1-01',847,,923,150,,,0,166,,924,150,,,0,135,,925,150,,,0,167,,926,150,,,0,130,,927,150,,,0,170,,928,150,,,0,129,,929,150,,,0,167,,930,150,,,0
68000,'Week-end-01',847,,931,150,,,0,166,,932,150,,,0,135,,933,150,,,0,167,,934,150,,,0,130,,935,150,,,0,170,,936,150,,,0,129,,937,150,,,0,167,,938,150,,,0
68100,'Semaine-01',537,,978,30,,,0,198,,977,130,,,0,100,,983,130,,,0,106,,984,130,,,0,110,,973,200,,,0,93,,979,130,,,0,105,,980,200,,,0,95,,981,130,,,0,106,,982,200,,,0,154,,975,200,,,0,107,,988,130,,,0,93,,985,130,,,0,55,,974,200,,,0,84,,989,180,,,0,103,,990,200,,,0,102,,976,180,,,0,101,,986,200,,,0,101,,987,200,,,0
68100,'Semaine-05',537,,1449,30,,,0,198,,1448,130,,,0,100,,1454,130,,,0,106,,1455,130,,,0,110,,1444,200,,,0,93,,1450,130,,,0,105,,1451,200,,,0,95,,1452,130,,,0,106,,1453,200,,,0,154,,1446,200,,,0,107,,1459,130,,,0,93,,1456,130,,,0,55,,1445,200,,,0,84,,1460,180,,,0,103,,1461,200,,,0,102,,1447,180,,,0,101,,1457,200,,,0,101,,1458,200,,,0
68501,'Semaine-01',656,,1042,30,,,0,100,,1043,30,,,0,248,,1044,30,,,0,203,,1041,30,,,0
68501,'Semaine-05',656,,1487,30,,,0,100,,1488,30,,,0,248,,1489,30,,,0,203,,1486,30,,,0
