10400,'Fête-1-01',601,,1,20,,,1,130,,2,20,,,1,170,,3,20,,,1,130,,4,20,,,1,170,,5,20,,,1,130,,6,20,,,1,170,,7,20,,,1,130,,8,20,,,1,170,,9,20,,,1,130,,10,20,,,1,170,,11,20,,,1,130,,12,20,,,1,170,,13,20,,,1,130,,14,20,,,1
10400,'Semaine-01',909,,58,20,,,1,30,,45,20,,,1,70,,59,20,,,1,30,,46,20,,,1,70,,60,20,,,1,30,,47,20,,,1,70,,61,20,,,1,30,,48,20,,,1,70,,62,20,,,1,30,,49,20,,,1,70,,63,20,,,1,30,,50,20,,,1,70,,51,20,,,1,425,,64,20,,,1,71,,40,20,,,1,29,,52,20,,,1,70,,41,20,,,1,30,,53,20,,,1,70,,42,20,,,1,30,,54,20,,,1,70,,43,20,,,1,30,,55,20,,,1,70,,44,20,,,1,30,,56,20,,,1,93,,57,20,,,1
10400,'Semaine-05',909,,1063,20,,,1,30,,1050,20,,,1,70,,1064,20,,,1,30,,1051,20,,,1,70,,1065,20,,,1,30,,1052,20,,,1,70,,1066,20,,,1,30,,1053,20,,,1,70,,1067,20,,,1,30,,1054,20,,,1,70,,1068,20,,,1,30,,1055,20,,,1,70,,1056,20,,,1,425,,1069,20,,,1,71,,1045,20,,,1,29,,1057,20,,,1,70,,1046,20,,,1,30,,1058,20,,,1,70,,1047,20,,,1,30,,1059,20,,,1,70,,1048,20,,,1,30,,1060,20,,,1,70,,1049,20,,,1,30,,1061,20,,,1,93,,1062,20,,,1
10400,'Week-end-01',601,,65,20,,,1,130,,66,20,,,1,170,,67,20,,,1,130,,68,20,,,1,170,,69,20,,,1,130,,70,20,,,1,170,,71,20,,,1,130,,72,20,,,1,170,,73,20,,,1,130,,74,20,,,1,170,,75,20,,,1,130,,76,20,,,1,170,,77,20,,,1,130,,78,20,,,1
10600,'Semaine-01',454,,186,20,,,0,60,,182,20,,,0,20,,183,20,,,0,20,,184,20,,,0,60,,179,20,,,0,20,,181,20,,,0,20,,180,20,,,0,60,,177,20,,,0,20,,178,20,,,0,20,,175,20,,,0,60,,176,20,,,0,20,,185,20,,,0
10600,'Semaine-05',454,,1109,20,,,0,60,,1105,20,,,0,20,,1106,20,,,0,20,,1107,20,,,0,60,,1102,20,,,0,20,,1104,20,,,0,20,,1103,20,,,0,60,,1100,20,,,0,20,,1101,20,,,0,20,,1098,20,,,0,60,,1099,20,,,0,20,,1108,20,,,0
10901,'Semaine-01',601,,351,20,,,0,30,,352,20,,,0,70,,353,20,,,0,25,,354,20,,,0
10901,'Semaine-05',601,,1177,20,,,0,30,,1178,20,,,0,70,,1179,20,,,0,25,,1180,20,,,0
38300,'Semaine-01',1243,,424,20,,,0,200,,423,20,,,0,101,,425,20,,,0,158,,426,20,,,0,98,,427,20,,,0,53,,428,20,,,0,84,,422,20,,,0
38300,'Semaine-05',1243,,1213,20,,,0,200,,1212,20,,,0,101,,1214,20,,,0,158,,1215,20,,,0,98,,1216,20,,,0,53,,1217,20,,,0,84,,1211,20,,,0
48800,'Semaine-01',1615,,907,30,,,0,14,,908,30,,,0,28,,909,30,,,0,58,,910,30,,,0,22,,911,30,,,0,20,,912,30,,,0,57,,913,30,,,0,21,,914,30,,,0
48800,'Semaine-05',1615,,1428,30,,,0,14,,1429,30,,,0,28,,1430,30,,,0,58,,1431,30,,,0,22,,1432,30,,,0,20,,1433,30,,,0,57,,1434,30,,,0,21,,1435,30,,,0
