10900,'Fête-2-01',1146,,337,110,4,,0,200,,338,110,4,,0,169,,339,110,4,,0,135,,340,110,4,,0,109,,341,110,4,,0
10900,'Semaine-01',1146,,342,110,4,,0,200,,343,110,4,,0,169,,344,110,4,,0,135,,345,110,4,,0,109,,346,110,4,,0
38301,'Fête-2-01',608,,431,160,,,0,100,,432,160,,,0,32,,430,160,,,0,71,,429,160,,,0,28,,433,160,,,0,80,,434,160,,,0,99,,435,160,,,0
38301,'Semaine-01',608,,438,160,,,0,100,,439,160,,,0,32,,437,160,,,0,71,,436,160,,,0,28,,440,160,,,0,80,,441,160,,,0,99,,442,160,,,0
68000,'Fête-1-01',848,,923,180,,,0,166,,924,180,,,0,136,,925,180,,,0,167,,926,180,,,0,130,,927,180,,,0,170,,928,180,,,0,128,,929,180,,,0,167,,930,180,,,0
68000,'Week-end-01',848,,931,180,,,0,166,,932,180,,,0,136,,933,180,,,0,167,,934,180,,,0,130,,935,180,,,0,170,,936,180,,,0,128,,937,180,,,0,167,,938,180,,,0
68100,'Fête-2-01',538,,960,60,,,0,198,,959,160,,,0,101,,965,160,,,0,105,,966,160,,,0,111,,955,230,,,0,93,,961,160,,,0,105,,962,230,,,0,95,,963,160,,,0,106,,964,230,,,0,155,,957,230,,,0,107,,970,160,,,0,92,,967,160,,,0,95,,956,230,,,0,44,,971,210,,,0,103,,972,230,,,0,101,,958,210,,,0,101,,968,230,,,0,101,,969,230,,,0
68100,'Semaine-01',538,,978,60,,,0,198,,977,160,,,0,101,,983,160,,,0,105,,984,160,,,0,111,,973,230,,,0,93,,979,160,,,0,105,,980,230,,,0,95,,981,160,,,0,106,,982,230,,,0,155,,975,230,,,0,107,,988,160,,,0,92,,985,160,,,0,95,,974,230,,,0,44,,989,210,,,0,103,,990,230,,,0,101,,976,210,,,0,101,,986,230,,,0,101,,987,230,,,0
68501,'Fête-2-01',658,,1037,60,,,0,100,,1038,60,,,0,248,,1039,60,,,0,203,,1036,60,,,0
68501,'Semaine-01',658,,1042,60,,,0,100,,1043,60,,,0,248,,1044,60,,,0,203,,1041,60,,,0
