10500,'Fête-1-01',708,,79,530,0,5,0,130,,80,830,,,0,170,,81,830,,,0,130,,82,830,,,0,170,,83,830,,,0,130,,84,830,,,0,170,,85,830,,,0,130,,86,830,,,0,170,,87,830,,,0,130,,88,830,,,0,170,,89,830,,,0,130,,90,830,,,0,170,,91,830,,,0
10500,'Semaine-01',534,,145,530,0,5,0,75,,146,530,0,5,0,30,,147,530,0,5,0,13,,134,830,,,0,70,,135,830,,,0,30,,136,830,,,0,59,,137,830,,,0,40,,138,830,,,0,152,,122,830,,,0,98,,123,830,,,0,108,,124,830,,,0,94,,125,830,,,0,106,,126,830,,,0,94,,127,830,,,0,115,,128,830,,,0,115,,148,830,,,0,18,,143,830,,,0,60,,144,830,,,0,43,,139,830,,,0,54,,140,830,,,0,17,,141,830,,,0,92,,142,830,,,0,86,,129,830,,,0,103,,130,830,,,0,101,,131,830,,,0,99,,132,830,,,0
10500,'Semaine-05',534,,1094,530,0,5,0,75,,1095,530,0,5,0,30,,1096,530,0,5,0,13,,1083,830,,,0,70,,1084,830,,,0,30,,1085,830,,,0,59,,1086,830,,,0,40,,1087,830,,,0,152,,1071,830,,,0,98,,1072,830,,,0,108,,1073,830,,,0,94,,1074,830,,,0,106,,1075,830,,,0,94,,1076,830,,,0,115,,1077,830,,,0,115,,1097,830,,,0,18,,1092,830,,,0,60,,1093,830,,,0,43,,1088,830,,,0,54,,1089,830,,,0,17,,1090,830,,,0,92,,1091,830,,,0,86,,1078,830,,,0,103,,1079,830,,,0,101,,1080,830,,,0,99,,1081,830,,,0
10500,'Week-end-01',708,,149,530,0,5,0,130,,150,830,,,0,170,,151,830,,,0,130,,152,830,,,0,170,,153,830,,,0,130,,154,830,,,0,170,,155,830,,,0,130,,156,830,,,0,170,,157,830,,,0,130,,158,830,,,0,170,,159,830,,,0,130,,160,830,,,0,170,,161,830,,,0
10801,'Semaine-01',547,,332,170,4,,0,75,,333,170,4,,0,32,,334,170,4,,0,58,,335,170,4,,0,40,,331,170,4,,0,65,,336,170,4,,0
10801,'Semaine-05',547,,1167,170,4,,0,75,,1168,170,4,,0,32,,1169,170,4,,0,58,,1170,170,4,,0,40,,1166,170,4,,0,65,,1171,170,4,,0
38501,'Semaine-01',1511,,480,170,,,0,32,,481,170,,,0,71,,482,170,,,0,30,,483,170,,,0,70,,484,170,,,0
38501,'Semaine-05',1511,,1241,170,,,0,32,,1242,170,,,0,71,,1243,170,,,0,30,,1244,170,,,0,70,,1245,170,,,0
48201,'Semaine-01',627,,828,70,,,1,23,,830,70,,,1,57,,832,70,,,1,38,,833,70,,,1,55,,827,70,,,1,30,,829,70,,,1,20,,831,70,,,1,65,,834,70,,,1
48201,'Semaine-05',627,,1375,70,,,1,23,,1377,70,,,1,57,,1379,70,,,1,38,,1380,70,,,1,55,,1374,70,,,1,30,,1376,70,,,1,20,,1378,70,,,1,65,,1381,70,,,1
68101,'Semaine-01',557,,1024,100,,,0,86,,1022,100,,,0,83,,1025,100,,,0,100,,1026,100,,,0,80,,1014,100,,,0,805,,1029,100,,,0
68101,'Semaine-05',557,,1476,100,,,0,86,,1474,100,,,0,83,,1477,100,,,0,100,,1478,100,,,0,80,,1466,100,,,0,805,,1481,100,,,0
