48100,'Fête-1-01',638,,497,20,,,1,85,,498,20,,,1,85,,499,20,,,1,45,,500,20,,,1,85,,501,20,,,1,85,,502,20,,,1,85,,503,20,,,1,45,,504,20,,,1,85,,505,20,,,1,85,,506,20,,,1,85,,508,20,,,1,45,,507,20,,,1,85,,509,20,,,1,85,,510,20,,,1,85,,511,20,,,1,45,,512,20,,,1,85,,513,20,,,1,85,,514,20,,,1,85,,515,20,,,1,45,,516,20,,,1,85,,517,20,,,1,85,,518,20,,,1,85,,519,20,,,1,45,,520,20,,,1,85,,521,20,,,1,85,,522,20,,,1
48100,'Semaine-01',540,,569,20,,,1,15,,574,20,,,1,55,,579,20,,,1,19,,570,20,,,1,11,,575,20,,,1,9,,580,20,,,1,60,,571,20,,,1,11,,576,20,,,1,12,,581,20,,,1,16,,572,20,,,1,52,,577,20,,,1,9,,582,20,,,1,20,,573,20,,,1,11,,578,20,,,1,15,,583,20,,,1,67,,597,20,,,1,30,,587,20,,,1,70,,598,20,,,1,30,,588,20,,,1,70,,599,20,,,1,30,,589,20,,,1,70,,600,20,,,1,30,,590,20,,,1,70,,601,20,,,1,30,,591,20,,,1,70,,602,20,,,1,30,,586,20,,,1,70,,603,20,,,1,22,,613,20,,,1,15,,614,20,,,1,55,,624,20,,,1,10,,625,20,,,1,10,,626,20,,,1,10,,627,20,,,1,10,,628,20,,,1,50,,612,20,,,1,10,,611,20,,,1,10,,619,20,,,1,10,,615,20,,,1,10,,616,20,,,1,10,,617,20,,,1,50,,618,20,,,1,10,,620,20,,,1,10,,621,20,,,1,15,,622,20,,,1,19,,623,20,,,1,50,,610,20,,,1,20,,596,20,,,1,24,,604,20,,,1,70,,592,20,,,1,30,,605,20,,,1,70,,593,20,,,1,30,,606,20,,,1,70,,594,20,,,1,30,,607,20,,,1,70,,595,20,,,1,30,,608,20,,,1,70,,585,20,,,1,30,,609,20,,,1,70,,584,20,,,1
48100,'Semaine-05',540,,1252,20,,,1,15,,1257,20,,,1,55,,1262,20,,,1,19,,1253,20,,,1,11,,1258,20,,,1,9,,1263,20,,,1,60,,1254,20,,,1,11,,1259,20,,,1,12,,1264,20,,,1,16,,1255,20,,,1,52,,1260,20,,,1,9,,1265,20,,,1,20,,1256,20,,,1,11,,1261,20,,,1,15,,1266,20,,,1,67,,1280,20,,,1,30,,1270,20,,,1,70,,1281,20,,,1,30,,1271,20,,,1,70,,1282,20,,,1,30,,1272,20,,,1,70,,1283,20,,,1,30,,1273,20,,,1,70,,1284,20,,,1,30,,1274,20,,,1,70,,1285,20,,,1,30,,1269,20,,,1,70,,1286,20,,,1,22,,1296,20,,,1,15,,1297,20,,,1,55,,1307,20,,,1,10,,1308,20,,,1,10,,1309,20,,,1,10,,1310,20,,,1,10,,1311,20,,,1,50,,1295,20,,,1,10,,1294,20,,,1,10,,1302,20,,,1,10,,1298,20,,,1,10,,1299,20,,,1,10,,1300,20,,,1,50,,1301,20,,,1,10,,1303,20,,,1,10,,1304,20,,,1,15,,1305,20,,,1,19,,1306,20,,,1,50,,1293,20,,,1,20,,1279,20,,,1,24,,1287,20,,,1,70,,1275,20,,,1,30,,1288,20,,,1,70,,1276,20,,,1,30,,1289,20,,,1,70,,1277,20,,,1,30,,1290,20,,,1,70,,1278,20,,,1,30,,1291,20,,,1,70,,1268,20,,,1,30,,1292,20,,,1,70,,1267,20,,,1
48100,'Week-end-01',638,,629,20,,,1,85,,630,20,,,1,85,,631,20,,,1,45,,632,20,,,1,85,,633,20,,,1,85,,634,20,,,1,85,,635,20,,,1,45,,636,20,,,1,85,,637,20,,,1,85,,638,20,,,1,85,,640,20,,,1,45,,639,20,,,1,85,,641,20,,,1,85,,642,20,,,1,85,,643,20,,,1,45,,644,20,,,1,85,,645,20,,,1,85,,646,20,,,1,85,,647,20,,,1,45,,648,20,,,1,85,,649,20,,,1,85,,650,20,,,1,85,,651,20,,,1,45,,652,20,,,1,85,,653,20,,,1,85,,654,20,,,1
48200,'Semaine-01',1606,,815,20,,,1,31,,818,20,,,1,70,,817,20,,,1,30,,813,20,,,1,68,,814,20,,,1,25,,816,20,,,1
48200,'Semaine-05',1606,,1370,20,,,1,31,,1373,20,,,1,70,,1372,20,,,1,30,,1368,20,,,1,68,,1369,20,,,1,25,,1371,20,,,1
48800,'Semaine-01',1614,,907,20,,,0,14,,908,20,,,0,28,,909,20,,,0,58,,910,20,,,0,22,,911,20,,,0,20,,912,20,,,0,57,,913,20,,,0,21,,914,20,,,0
48800,'Semaine-05',1614,,1428,20,,,0,14,,1429,20,,,0,28,,1430,20,,,0,58,,1431,20,,,0,22,,1432,20,,,0,20,,1433,20,,,0,57,,1434,20,,,0,21,,1435,20,,,0
68500,'Semaine-01',1332,,1035,100,,,0,322,,1033,100,,,0,192,,1034,100,,,0
68500,'Semaine-05',1332,,1484,100,,,0,322,,1482,100,,,0,192,,1483,100,,,0
