10900,'Fête-2-01',1146,,337,120,4,,0,200,,338,120,4,,0,169,,339,120,4,,0,135,,340,120,4,,0,109,,341,120,4,,0
10900,'Semaine-01',1146,,342,120,4,,0,200,,343,120,4,,0,169,,344,120,4,,0,135,,345,120,4,,0,109,,346,120,4,,0
38301,'Fête-2-01',608,,431,170,,,0,100,,432,170,,,0,32,,430,170,,,0,71,,429,170,,,0,28,,433,170,,,0,80,,434,170,,,0,99,,435,170,,,0
38301,'Semaine-01',608,,438,170,,,0,100,,439,170,,,0,32,,437,170,,,0,71,,436,170,,,0,28,,440,170,,,0,80,,441,170,,,0,99,,442,170,,,0
68000,'Fête-1-01',849,,923,190,,,0,166,,924,190,,,0,136,,925,190,,,0,167,,926,190,,,0,130,,927,190,,,0,170,,928,190,,,0,128,,929,190,,,0,167,,930,190,,,0
68000,'Week-end-01',849,,931,190,,,0,166,,932,190,,,0,136,,933,190,,,0,167,,934,190,,,0,130,,935,190,,,0,170,,936,190,,,0,128,,937,190,,,0,167,,938,190,,,0
68100,'Fête-2-01',539,,960,70,,,0,198,,959,170,,,0,101,,965,170,,,0,105,,966,170,,,0,111,,955,240,,,0,93,,961,170,,,0,105,,962,240,,,0,95,,963,170,,,0,106,,964,240,,,0,155,,957,240,,,0,107,,970,170,,,0,92,,967,170,,,0,95,,956,240,,,0,44,,971,220,,,0,103,,972,240,,,0,101,,958,220,,,0,101,,968,240,,,0,101,,969,240,,,0
68100,'Semaine-01',539,,978,70,,,0,198,,977,170,,,0,101,,983,170,,,0,105,,984,170,,,0,111,,973,240,,,0,93,,979,170,,,0,105,,980,240,,,0,95,,981,170,,,0,106,,982,240,,,0,155,,975,240,,,0,107,,988,170,,,0,92,,985,170,,,0,95,,974,240,,,0,44,,989,220,,,0,103,,990,240,,,0,101,,976,220,,,0,101,,986,240,,,0,101,,987,240,,,0
68501,'Fête-2-01',659,,1037,70,,,0,100,,1038,70,,,0,248,,1039,70,,,0,203,,1036,70,,,0
68501,'Semaine-01',659,,1042,70,,,0,100,,1043,70,,,0,248,,1044,70,,,0,203,,1041,70,,,0
