10900,'Semaine-01',1141,,342,50,4,,0,200,,343,50,4,,0,169,,344,50,4,,0,135,,345,50,4,,0,109,,346,50,4,,0
10900,'Semaine-05',1141,,1172,50,4,,0,200,,1173,50,4,,0,169,,1174,50,4,,0,135,,1175,50,4,,0,109,,1176,50,4,,0
38000,'Semaine-01',601,,362,120,,,0,100,,363,120,,,0,131,,364,120,,,0,80,,360,120,,,0,200,,361,120,,,0
38000,'Semaine-05',601,,1183,120,,,0,100,,1184,120,,,0,131,,1185,120,,,0,80,,1181,120,,,0,200,,1182,120,,,0
48400,'Semaine-01',1701,,845,150,,,0,102,,846,150,,,0
48400,'Semaine-05',1701,,1386,150,,,0,102,,1387,150,,,0
68000,'Fête-1-01',843,,923,120,,,0,165,,924,120,,,0,136,,925,120,,,0,166,,926,120,,,0,130,,927,120,,,0,170,,928,120,,,0,129,,929,120,,,0,168,,930,120,,,0
68000,'Week-end-01',843,,931,120,,,0,165,,932,120,,,0,136,,933,120,,,0,166,,934,120,,,0,130,,935,120,,,0,170,,936,120,,,0,129,,937,120,,,0,168,,938,120,,,0
68100,'Semaine-01',731,,977,100,,,0,100,,983,100,,,0,106,,984,100,,,0,109,,973,170,,,0,94,,979,100,,,0,104,,980,170,,,0,96,,981,100,,,0,104,,982,170,,,0,114,,975,170,,,0,147,,988,100,,,0,54,,985,100,,,0,96,,974,170,,,0,84,,989,150,,,0,103,,990,170,,,0,102,,976,150,,,0,101,,986,170,,,0,101,,987,170,,,0
68100,'Semaine-05',731,,1448,100,,,0,100,,1454,100,,,0,106,,1455,100,,,0,109,,1444,170,,,0,94,,1450,100,,,0,104,,1451,170,,,0,96,,1452,100,,,0,104,,1453,170,,,0,114,,1446,170,,,0,147,,1459,100,,,0,54,,1456,100,,,0,96,,1445,170,,,0,84,,1460,150,,,0,103,,1461,170,,,0,102,,1447,150,,,0,101,,1457,170,,,0,101,,1458,170,,,0
