100,74561,1,0
100,74563,2,0
100,74565,3,0
100,74567,4,0
100,74569,5,0
100,74571,6,1
101,74572,1,0
101,74570,2,0
101,74568,3,0
101,74566,4,0
101,74564,5,0
101,74562,6,1
200,74480,1,0
200,74485,2,0
200,74492,3,0
200,74494,4,0
200,74488,5,0
200,74483,6,1
201,74478,1,0
201,74482,2,0
201,74486,3,0
201,74493,4,0
201,74491,5,0
201,74484,6,0
201,74481,7,1
300,74528,1,0
300,74517,2,0
300,74518,3,0
300,74520,4,0
300,74521,5,0
300,74522,6,0
300,74524,7,0
300,74487,8,0
300,74483,9,1
301,74478,1,0
301,74482,2,0
301,74479,3,0
301,74525,4,0
301,74523,5,0
301,74526,6,0
301,74527,7,0
301,74519,8,0
301,74495,9,0
301,74496,10,1
400,74482,1,0
400,74588,2,0
400,74581,3,0
400,74582,4,0
400,74583,5,0
400,74584,6,0
400,74585,7,0
400,74586,8,1
401,74581,1,0
401,74582,2,0
401,74583,3,0
401,74584,4,0
401,74585,5,0
401,74586,6,0
401,74587,7,0
401,74478,8,0
401,74483,9,1
500,74477,1,0
500,74483,2,0
500,74490,3,0
500,74537,4,0
500,74511,5,0
500,74497,6,0
500,74513,7,0
500,74516,8,0
500,74500,9,0
500,74502,10,0
500,74504,11,0
500,74505,12,0
500,74507,13,0
500,74539,14,0
500,74509,15,1
501,74510,1,0
501,74540,2,0
501,74508,3,0
501,74506,4,0
501,74503,5,0
501,74501,6,0
501,74499,7,0
501,74515,8,0
501,74514,9,0
501,74498,10,0
501,74512,11,0
501,74538,12,0
501,74489,13,0
501,74482,14,0
501,74478,15,1
600,74104,1,0
600,74280,2,0
600,74278,3,0
600,74273,4,0
600,74272,5,0
600,74276,6,0
600,74270,7,1
601,74270,1,0
601,74275,2,0
601,74271,3,0
601,74274,4,0
601,74279,5,0
601,74281,6,0
601,74104,7,1
700,74104,1,0
700,204184,2,0
700,204186,3,0
700,204187,4,0
700,203182,5,0
700,203181,6,0
700,203180,7,1
701,201180,1,0
701,201181,2,0
701,201182,3,0
701,202187,4,0
701,202186,5,0
701,202184,6,0
701,74104,7,1
900,74660,1,0
900,74662,2,0
900,74661,3,0
900,74588,4,0
900,74589,5,0
900,74663,6,0
900,74668,7,0
900,74664,8,0
900,74104,9,1
901,74104,1,0
901,74141,2,0
901,74595,3,0
901,74594,4,0
901,74593,5,0
901,74590,6,0
901,74591,7,0
901,74667,8,0
901,74666,9,1
1000,74104,1,0
1000,74088,2,0
1000,74084,3,0
1000,74082,4,0
1000,74069,5,0
1000,74066,6,0
1000,74064,7,0
1000,74134,8,0
1000,74062,9,0
1000,74060,10,0
1000,74057,11,0
1000,74052,12,0
1000,74018,13,1
1100,74104,1,0
1100,74640,2,0
1100,74641,3,0
1100,74642,4,0
1100,74635,5,0
1100,74127,6,0
1100,74079,7,0
1100,74077,8,0
1100,74115,9,0
1100,74075,10,0
1100,74643,11,0
1100,74644,12,0
1100,74645,13,0
1100,74646,14,0
1100,74613,15,0
1100,74647,16,0
1100,74627,17,0
1100,74648,18,0
1100,204155,19,1
1200,74104,1,0
1200,74088,2,0
1200,74084,3,0
1200,74082,4,0
1200,74069,5,0
1200,74687,6,0
1200,74074,7,0
1200,74688,8,0
1200,74689,9,0
1200,74690,10,0
1200,74691,11,0
1200,74692,12,0
1200,74693,13,0
1200,74694,14,0
1200,74695,15,0
1200,74141,16,0
1200,74450,17,0
1200,74102,18,0
1200,74143,19,0
1200,74145,20,0
1200,74021,21,0
1200,74023,22,0
1200,74024,23,0
1200,74027,24,0
1200,74009,25,0
1200,74029,26,0
1200,74031,27,0
1200,74071,28,0
1200,74083,29,0
1200,74085,30,0
1200,74089,31,1
1300,74104,1,0
1300,74017,2,0
1300,74053,3,0
1300,74055,4,0
1300,74058,5,0
1300,74034,6,0
1300,74136,7,0
1300,74132,8,0
1300,74126,9,0
1300,74037,10,0
1300,74128,11,0
1300,74044,12,0
1300,74045,13,0
1300,74047,14,0
1300,74655,15,0
1300,74656,16,0
1300,74657,17,0
1300,74658,18,0
1300,74659,19,0
1300,74049,20,0
1300,74051,21,0
1300,74018,22,1
1400,74104,1,0
1400,74017,2,0
1400,74053,3,0
1400,74055,4,0
1400,74041,5,0
1400,74038,6,0
1400,74625,7,0
1400,74113,8,0
1400,74111,9,0
1400,74109,10,0
1400,74258,11,0
1400,74260,12,0
1400,74262,13,0
1400,74255,14,0
1400,74462,15,0
1400,74463,16,0
1400,74256,17,0
1400,74261,18,0
1400,74257,19,0
1400,74093,20,0
1400,74042,21,0
1400,74067,22,0
1400,74096,23,0
1400,74100,24,0
1400,74137,25,0
1400,74101,26,0
1400,74122,27,0
1400,74120,28,0
1400,74139,29,0
1400,74099,30,0
1400,74033,31,0
1400,74036,32,0
1400,74059,33,0
1400,74057,34,0
1400,74052,35,0
1400,74018,36,1
1401,74104,1,0
1401,74017,2,0
1401,74053,3,0
1401,74055,4,0
1401,74058,5,0
1401,74034,6,0
1401,74032,7,0
1401,74098,8,0
1401,74138,9,0
1401,74118,10,0
1401,74123,11,0
1401,74453,12,0
1401,74092,13,0
1401,74097,14,0
1401,74087,15,0
1401,74068,16,0
1401,74091,17,0
1401,74094,18,0
1401,74258,19,0
1401,74260,20,0
1401,74262,21,0
1401,74255,22,0
1401,74462,23,0
1401,74463,24,0
1401,74256,25,0
1401,74261,26,0
1401,74257,27,0
1401,74110,28,0
1401,74112,29,0
1401,74114,30,0
1401,74620,31,0
1401,74472,32,0
1401,74128,33,0
1401,74054,34,0
1401,74052,35,0
1401,74018,36,1
1500,74104,1,0
1500,74017,2,0
1500,74053,3,0
1500,74055,4,0
1500,74041,5,0
1500,74038,6,0
1500,74625,7,0
1500,74113,8,0
1500,74111,9,0
1500,74109,10,0
1500,74258,11,0
1500,74260,12,0
1500,74219,13,0
1500,74221,14,0
1500,74223,15,0
1500,74225,16,0
1500,74227,17,0
1500,74191,18,0
1500,74229,19,0
1500,74231,20,0
1500,74233,21,0
1500,74235,22,0
1500,74241,23,0
1500,74243,24,0
1500,74245,25,0
1500,74190,26,0
1500,74194,27,0
1500,74197,28,0
1500,74199,29,0
1500,74189,30,0
1500,74534,31,0
1500,74202,32,0
1500,74204,33,0
1500,74541,34,0
1500,74462,35,0
1500,74463,36,0
1500,74256,37,0
1500,74261,38,0
1500,74257,39,0
1500,74110,40,0
1500,74112,41,0
1500,74114,42,0
1500,74620,43,0
1500,74472,44,0
1500,74128,45,0
1500,74054,46,0
1500,74052,47,0
1500,74018,48,1
1501,74104,1,0
1501,74017,2,0
1501,74053,3,0
1501,74055,4,0
1501,74041,5,0
1501,74038,6,0
1501,74625,7,0
1501,74113,8,0
1501,74111,9,0
1501,74109,10,0
1501,74258,11,0
1501,74260,12,0
1501,74262,13,0
1501,74255,14,0
1501,74462,15,0
1501,74463,16,0
1501,74256,17,0
1501,74542,18,0
1501,74203,19,0
1501,74201,20,0
1501,74535,21,0
1501,74200,22,0
1501,74198,23,0
1501,74196,24,0
1501,74195,25,0
1501,74187,26,0
1501,74246,27,0
1501,74244,28,0
1501,74205,29,0
1501,74236,30,0
1501,74206,31,0
1501,74232,32,0
1501,74230,33,0
1501,74192,34,0
1501,74228,35,0
1501,74226,36,0
1501,74224,37,0
1501,74222,38,0
1501,74220,39,0
1501,74261,40,0
1501,74257,41,0
1501,74110,42,0
1501,74112,43,0
1501,74114,44,0
1501,74620,45,0
1501,74472,46,0
1501,74128,47,0
1501,74054,48,0
1501,74052,49,0
1501,74018,50,1
1600,74531,1,0
1600,74014,2,0
1600,74011,3,0
1600,74021,4,0
1600,74023,5,0
1600,74025,6,0
1600,74027,7,0
1600,74009,8,0
1600,74029,9,0
1600,74031,10,0
1600,74071,11,0
1600,74085,12,0
1600,74089,13,0
1600,74104,14,1
1601,74104,1,0
1601,74088,2,0
1601,74084,3,0
1601,74069,4,0
1601,74030,5,0
1601,74028,6,0
1601,74010,7,0
1601,74026,8,0
1601,74121,9,0
1601,74022,10,0
1601,74020,11,0
1601,74012,12,0
1601,74013,13,0
1601,74015,14,1
2000,74104,1,0
2000,74088,2,0
2000,74084,3,0
2000,74082,4,0
2000,74069,5,0
2000,74030,6,0
2000,74028,7,0
2000,74026,8,0
2000,74121,9,0
2000,74022,10,0
2000,74147,11,0
2000,74146,12,0
2000,74144,13,0
2000,74103,14,0
2000,74451,15,0
2000,74142,16,0
2000,74140,17,0
2000,74118,18,0
2000,74123,19,0
2000,74453,20,0
2000,74092,21,0
2000,74097,22,0
2000,74087,23,0
2000,74068,24,0
2000,74091,25,0
2000,74094,26,0
2000,74258,27,0
2000,74260,28,0
2000,74262,29,0
2000,74255,30,0
2000,74462,31,0
2000,74463,32,0
2000,74256,33,0
2000,74261,34,0
2000,74257,35,0
2000,74093,36,0
2000,74042,37,0
2000,74067,38,0
2000,74096,39,0
2000,74100,40,0
2000,74137,41,0
2000,74101,42,0
2000,74122,43,0
2000,74120,44,0
2000,74139,45,0
2000,74099,46,0
2000,74033,47,0
2000,74036,48,0
2000,74059,49,0
2000,74057,50,0
2000,74052,51,0
2000,74018,52,1
30000,74148,1,0
30000,101136,2,0
30000,74154,3,0
30000,74282,4,0
30000,74285,5,0
30000,74287,6,0
30000,74304,7,0
30000,74531,8,0
30000,74014,9,0
30000,74011,10,0
30000,74021,11,0
30000,74023,12,0
30000,74025,13,0
30000,74027,14,0
30000,74009,15,0
30000,74029,16,0
30000,74031,17,0
30000,74071,18,0
30000,74085,19,0
30000,74089,20,0
30000,74104,21,1
30001,74104,1,0
30001,74088,2,0
30001,74084,3,0
30001,74069,4,0
30001,74030,5,0
30001,74028,6,0
30001,74010,7,0
30001,74026,8,0
30001,74121,9,0
30001,74022,10,0
30001,74020,11,0
30001,74012,12,0
30001,74013,13,0
30001,74015,14,0
30001,74302,15,0
30001,74288,16,0
30001,74286,17,0
30001,74282,18,0
30001,74153,19,0
30001,74186,20,0
30001,74148,21,0
30001,101136,22,1
30100,74148,1,0
30100,74175,2,0
30100,74183,3,0
30100,74181,4,0
30100,74172,5,0
30100,74188,6,0
30100,74313,7,0
30100,74321,8,0
30100,74315,9,0
30100,74531,10,0
30100,74014,11,0
30100,74011,12,0
30100,74021,13,0
30100,74023,14,0
30100,74025,15,0
30100,74027,16,0
30100,74009,17,0
30100,74029,18,0
30100,74031,19,0
30100,74071,20,0
30100,74085,21,0
30100,74089,22,0
30100,74104,23,1
30101,74104,1,0
30101,74088,2,0
30101,74084,3,0
30101,74069,4,0
30101,74030,5,0
30101,74028,6,0
30101,74010,7,0
30101,74026,8,0
30101,74121,9,0
30101,74022,10,0
30101,74020,11,0
30101,74012,12,0
30101,74013,13,0
30101,74015,14,0
30101,74314,15,0
30101,74322,16,0
30101,74312,17,0
30101,74164,18,0
30101,74173,19,0
30101,74180,20,0
30101,74182,21,0
30101,74174,22,0
30101,74148,23,1
30201,74104,1,0
30201,74088,2,0
30201,74084,3,0
30201,74069,4,0
30201,74030,5,0
30201,74028,6,0
30201,74010,7,0
30201,74026,8,0
30201,74121,9,0
30201,74022,10,0
30201,74020,11,0
30201,74012,12,0
30201,74013,13,0
30201,74015,14,0
30201,74302,15,0
30201,74288,16,0
30201,74286,17,0
30201,74282,18,0
30201,74164,19,0
30201,74173,20,0
30201,74180,21,0
30201,74182,22,0
30201,74174,23,0
30201,74148,24,1
30300,74148,1,0
30300,74154,2,0
30300,74531,3,0
30300,74014,4,0
30300,74011,5,0
30300,74021,6,0
30300,74023,7,0
30300,74025,8,0
30300,74027,9,0
30300,74009,10,0
30300,74029,11,0
30300,74031,12,0
30300,74071,13,0
30300,74085,14,0
30300,74089,15,0
30300,74104,16,1
30301,74104,1,0
30301,74088,2,0
30301,74084,3,0
30301,74069,4,0
30301,74030,5,0
30301,74028,6,0
30301,74010,7,0
30301,74026,8,0
30301,74121,9,0
30301,74022,10,0
30301,74020,11,0
30301,74012,12,0
30301,74013,13,0
30301,74015,14,0
30301,74153,15,0
30301,74186,16,0
30301,74148,17,1
40000,74212,1,0
40000,74622,2,0
40000,74104,3,1
40001,74104,1,0
40001,74623,2,0
40001,74529,3,0
40001,74212,4,1
40100,74212,1,0
40100,74550,2,0
40100,74622,3,0
40100,74104,4,1
40101,74104,1,0
40101,74623,2,0
40101,74550,3,0
40101,74529,4,0
40101,74212,5,1
45000,74104,1,0
45000,74623,2,0
45000,74004,3,0
45000,74002,4,0
45000,74158,5,0
45000,74006,6,0
45000,74000,7,1
45001,74007,1,0
45001,74001,2,0
45001,74157,3,0
45001,74005,4,0
45001,74003,5,0
45001,74622,6,0
45001,74104,7,1
50000,74212,1,0
50000,74239,2,0
50000,74462,3,0
50000,74463,4,0
50000,74256,5,0
50000,74542,6,0
50000,74203,7,0
50000,74201,8,0
50000,74535,9,0
50000,74200,10,0
50000,74198,11,0
50000,74196,12,0
50000,74195,13,0
50000,74187,14,0
50000,74246,15,0
50000,74244,16,0
50000,74205,17,0
50000,74236,18,0
50000,74206,19,0
50000,74232,20,0
50000,74230,21,0
50000,74192,22,0
50000,74474,23,1
50001,74237,1,0
50001,74191,2,0
50001,74229,3,0
50001,74231,4,0
50001,74233,5,0
50001,74235,6,0
50001,74241,7,0
50001,74243,8,0
50001,74245,9,0
50001,74190,10,0
50001,74194,11,0
50001,74197,12,0
50001,74199,13,0
50001,74189,14,0
50001,74534,15,0
50001,74202,16,0
50001,74204,17,0
50001,74541,18,0
50001,74254,19,0
50001,74458,20,0
50001,74459,21,0
50001,74475,22,0
50001,74529,23,0
50001,74212,24,1
60000,74212,1,0
60000,74636,2,0
60000,74510,3,0
60000,74540,4,0
60000,74508,5,0
60000,74506,6,0
60000,74503,7,0
60000,74501,8,0
60000,74499,9,0
60000,74515,10,0
60000,74514,11,0
60000,74498,12,0
60000,74512,13,0
60000,74538,14,0
60000,74489,15,0
60000,74482,16,1
60001,74483,1,0
60001,74490,2,0
60001,74537,3,0
60001,74511,4,0
60001,74497,5,0
60001,74513,6,0
60001,74516,7,0
60001,74500,8,0
60001,74502,9,0
60001,74504,10,0
60001,74505,11,0
60001,74507,12,0
60001,74539,13,0
60001,74509,14,0
60001,74637,15,0
60001,74529,16,0
60001,74212,17,1
